ticker,target,price_change_1d,price_change_5d,price_change_10d,price_change_20d,price_vs_sma5,price_vs_sma10,price_vs_sma20,volatility_5d,volatility_10d,volatility_20d,volume_ratio,hl_ratio,hl_ratio_5d,rsi_14,macd,macd_signal,macd_histogram,bb_position
QIDX,0,0.002004008016032177,-0.014186102428468517,-0.011381172839506237,0.028046421663443066,-0.002132030101539062,-0.00894272075680047,0.017724975471576476,0.006596750077140121,0.0055117787506204765,0.0062718814470770715,0.1019769074581031,0.0029268292682926205,0.006628702764818943,41.7733089579526,-0.01922322294957901,-0.00827242065882334,-0.01095080229075567,1.0184141168637977
QIDX,0,0.013658536585365866,0.009718172983479212,-0.003577148446865408,0.028046421663443066,0.00953176770081332,0.004956106921913284,0.017724975471576476,0.008286527496605781,0.006983344017804213,0.0062718814470770715,0.6851590875239176,0.011549566891241673,0.00738370846571062,53.63901018922854,-0.012714460634811076,-0.00919322663407579,-0.003521234000735285,1.0184141168637977
QIDX,0,0.006660250240615895,0.011528046421663385,0.003761996161228298,0.028046421663443066,0.013906903431067263,0.011265938808896703,0.017724975471576476,0.00848074739446748,0.007320495593231013,0.0062718814470770715,0.49862727153876324,0.0026005813064095516,0.0065498595432401064,54.25165182418832,-0.003418887898444467,-0.008004910768902059,0.004586022870457592,1.0184141168637977
QIDX,0,-0.006759599204527955,0.013512195121951232,-0.004932950191570806,0.028046421663443066,0.004356384336352326,0.004930578194210833,0.017724975471576476,0.007871320239887247,0.007628308283750568,0.0062718814470770715,0.06704077815188926,0.0028685565769841484,0.005367473297661329,51.52093848042568,-0.0006625275482363691,-0.006502605211015447,0.005840077662779078,1.0184141168637977
QIDX,0,0.0107330220917361,0.02644313016276456,0.011502225304895752,0.028046421663443066,0.009854253987000572,0.014544706154034914,0.017724975471576476,0.008023751215995275,0.008130563191737442,0.0062718814470770715,0.07622326038849274,0.006666666666666694,0.005322440141918938,57.83103939250115,0.008486591879695027,-0.0034497708175255737,0.0119363626972206,1.0184141168637977
QIDX,0,0.0010857142857143565,0.02550243902439031,0.010954556383746095,0.028046421663443066,0.0058929244714263085,0.014529681898993063,0.017724975471576476,0.008126737810467436,0.008129006919688283,0.0062718814470770715,0.1449354776843201,0.0064691668093688395,0.006030907650134182,55.28997358158254,0.0161458491969384,0.0005266595869280592,0.015619189610010341,1.0184141168637977
QIDX,0,0.005574899632779573,0.017324350336862304,0.027210884353741527,0.028046421663443066,0.008027984459012316,0.01743598431396709,0.017724975471576476,0.006664995994613502,0.0071332162702218895,0.0062718814470770715,0.9208753964920412,0.006915799432355739,0.005104154158356995,58.8631529189317,0.025674167541319903,0.00561482371624299,0.020059343825076913,1.0184141168637977
QIDX,0,0.0056764427625355385,0.016330120850543306,0.028046421663443066,0.028046421663443066,0.010458194787442698,0.020363107202438835,0.022075091270440383,0.006560561708811279,0.007165173750330632,0.0062718814470770715,0.953252563990819,0.00846660395108183,0.00627735868729145,60.719927781539205,0.03669784674263887,0.011889300152025868,0.024808546590613004,1.055281388610567
QIDX,0,0.0,0.023246859508109896,0.03707317073170735,0.02211538461538476,0.005840117786432675,0.016654775408240008,0.020946204874994212,0.00427879481184497,0.006056228677409604,0.006191321121673509,1.17331000874672,0.005644402634054609,0.006832527898705543,65.08224479922598,0.04479522835631933,0.018519407349143154,0.026275821007176174,0.9724201212831982
QIDX,0,0.0065851364063969076,0.01904761904761898,0.04599442788015051,0.03220080646717216,0.008646076461028551,0.018765275528401126,0.026024586234010272,0.0030097519459831297,0.005765745450040074,0.006217117358396444,1.2747252747252746,0.0028037383177569497,0.006059942228923593,67.18945334697116,0.055299734139262924,0.025919153096289706,0.029380581042973218,1.0160818649804544
QIDX,0,-0.00846728971962607,0.009323210989972797,0.03506341463414642,0.023283179012345778,-0.0017388227943860857,0.006694278787533925,0.016160840252589237,0.006340429485209808,0.007075840062821684,0.006609620679581013,0.12494752204074287,0.007125756404697689,0.006191260147989363,68.50521436848223,0.056577167123792904,0.03207984896547413,0.024497318158318772,0.8088114620346696
QIDX,0,5.6553622259425396e-05,0.0037842951750235443,0.02117420596727615,0.017521314242421315,-0.0024332730342953024,0.004653981450356781,0.015329951133059128,0.006006630065250958,0.006147083535992159,0.006525326699647963,2.867128935532234,9.425070688008195e-06,0.004809985275655817,66.59292035398241,0.05694699929608227,0.03707213937150471,0.019874859924577555,0.782690436788796
QIDX,0,0.0006691800188503016,-0.001213546566321777,0.015096756922135635,0.018915547024952017,-0.0015235157476982675,0.0038254114728306643,0.015052114504678027,0.005367554275579001,0.005943396823860792,0.0065149507429702585,2.4406168900937235,0.003767507134716556,0.0038701659123827623,75.11974818667052,0.05706605826214428,0.04108304536918423,0.01598301289296005,0.769094443819079
QIDX,0,0.0012150210509460635,0.0,0.023246859508109896,0.01819923371647514,-0.00031034580045696813,0.002755455017975139,0.015363219207653822,0.005407994226760061,0.005197977764683988,0.006511380364171395,1.8137241436145373,0.005249294449670708,0.0037911442755059824,77.69326510856061,0.05740637360900713,0.044355623625851194,0.013050749983155939,0.7662608561815575
QIDX,0,-0.008024459078080914,-0.014514018691588637,0.004257142857142959,0.015808334778336652,-0.005427155016298424,-0.005710373908796251,0.0064267112962086426,0.004890499186264188,0.005206275938765109,0.0066554981320960304,0.8234153559629048,0.0037933748707882557,0.003989071586112243,68.70161187968031,0.05090328436468816,0.04566769368621557,0.005235590678472589,0.6119197190299048
QIDX,0,0.005244340758864485,-0.0008860067487324041,0.00842894381338355,0.01947583553738874,-3.3961110754821e-05,-0.001330303407159561,0.01072801976450033,0.004839458223686403,0.0054253219327381015,0.006727750011039892,0.4450374983011478,0.004716981132075371,0.0035073165315877798,64.93174061433453,0.04922377718689752,0.04638001264655414,0.0028437645403433798,0.6855849250959519
QIDX,0,-0.013905660377358409,-0.014835061262959415,-0.011106906338694378,0.01580174927113709,-0.011002111860481056,-0.014127016764160505,-0.004098852664254138,0.007800147146446646,0.006851430351708303,0.0070817106575788965,0.16432575008242664,0.010906377360656581,0.005686706989581495,49.57768108523171,0.03663567419159364,0.04442872938388319,-0.0077930551922895525,0.42562848978947126
QIDX,0,0.0017411935786311172,-0.013779657345226126,-0.014976481655691432,0.012649903288201259,-0.006529647178930453,-0.01092527624909534,-0.002986052393031513,0.0079383608093842,0.006524494369191115,0.007021904548688482,1.6352064538724445,0.00677121136875883,0.006287447836389949,55.64549320894501,0.027710627175784097,0.04108179429830231,-0.013371167122518214,0.44403620906158014
QIDX,0,0.005548764182297328,-0.009510818438381974,-0.009510818438381974,0.027209756097561044,0.0009030933323193047,-0.004486424900840169,0.0012167052344951301,0.008680822150571109,0.0068908224730523104,0.006739968675206913,0.3780240003067132,0.005698600993456154,0.00637730914514704,52.13915618060698,0.024693288735138097,0.03780149426422751,-0.013108205529089416,0.5252004916033692
QIDX,0,-0.0039890206954192875,-0.005481426688288882,-0.019915887850467162,0.025162520162275825,-0.0019927977586260415,-0.006455683730236861,-0.00399611548132639,0.008137207528386961,0.006402874776872171,0.006806576134636495,0.6928289542008517,0.007628565162250051,0.007144347203439398,48.265118255204655,0.0189394779748131,0.0340266984452518,-0.0150872204704387,0.40258326650538073
QIDX,0,0.0012491775453185028,-0.009433962264150941,-0.010311610458649922,0.024390243902439046,0.0011594379776960206,-0.004182433778131878,-0.003934458887394854,0.007535837924373918,0.006037745829437828,0.006804357175506525,0.10938228136488376,0.016190476190476182,0.009439046215119559,44.70178625491971,0.015197803861392245,0.03025900908300728,-0.015061205221615036,0.37981076448176254
QIDX,0,0.006666666666666599,0.011231655281939368,-0.0037700282752120007,0.017324350336862304,0.005582552904868088,0.002836785229741512,0.0018506275783791715,0.00420043086112121,0.006511862335668409,0.0062924237939389034,0.479900424119491,0.004105960264900672,0.008078962795968377,45.526394273784604,0.017335585248796193,0.027673275417978666,-0.010337690169182474,0.5620294879143904
QIDX,0,0.007984862819299998,0.017534476830805668,0.0035132004031233066,0.018662995257763715,0.010083389899924633,0.010486701701374335,0.00891694171578572,0.004885962720564792,0.007030430026116765,0.006363062213810754,2.4685259202706544,0.002290133653701755,0.007182747252956962,51.61589403973511,0.02515510466533044,0.02716947777576683,-0.002014373110436389,0.7984406681483219
QIDX,0,-0.0023933773839917016,0.009497668322426822,-0.00010348071495780431,0.02314097319150976,0.00575887297928479,0.008078742606973499,0.0053578919539869485,0.005321743689272158,0.007074876892190151,0.006156382852756722,0.04013974578161005,0.004807647075426425,0.007004556469351017,44.99648135116118,0.029057433730264037,0.027547167020400196,0.001510266709863841,0.7051279254418382
QIDX,0,0.0016088212326770268,0.015171308966424712,0.009606721860271117,0.013904761904762086,0.004352887679648587,0.008731410812168106,0.006280509908025422,0.004253818308382495,0.006490722510597235,0.0057333868473819416,1.3310024163432672,0.0015123050911141796,0.005781304455123842,52.87284144427001,0.03307384752250364,0.028652732737836948,0.004421114784666693,0.7417515222519152
QIDX,0,-0.0033815517565284336,0.010476190476190528,0.0009433962264151496,0.0093802918735848,-0.001116565271995884,0.00522508609786021,0.002410603822481594,0.0051469680127304955,0.006433306824670563,0.00580440828710119,0.6508116823628568,0.0034495758718190357,0.0032331243913924133,50.0,0.033096737098915696,0.02954168131196914,0.0035550557869465545,0.595088042553356
QIDX,0,0.0,0.0037842951750235443,0.015058454355854067,0.0037842951750235443,-0.0018683218781808675,0.003728268715369687,0.0022212282924880533,0.004488677694245834,0.004171869642934905,0.005679527690690176,1.801257513566696,0.003770028275212151,0.003165937993454709,49.466406132571684,0.03273473945823646,0.030180377838552996,0.002554361619683466,0.5874500198649953
QIDX,0,-0.0007822808671065218,-0.004946313260249413,0.012501432555296565,-0.002662276575729261,-0.0016592399513341016,0.0017026213944488777,0.001571080776981093,0.00196634854517374,0.004231787658476134,0.005533753493705839,1.4313043767571074,0.0036126281634078815,0.0034304368953959343,47.85833207204469,0.03143974060184895,0.03043227717774449,0.0010074634241044635,0.5624676336321991
QIDX,0,-0.007828933095635482,-0.010367959055029075,-0.000968762168887527,-0.0104703668861712,-0.007415110292452454,-0.006043849088981368,-0.005747433362902954,0.003686532727090589,0.004798794836689855,0.005795620773934906,0.5535171228348539,0.009630467643339803,0.00439500100897861,48.02551640340221,0.02368549091481853,0.029082805124773226,-0.005397314209954696,0.2739573216327351
QIDX,0,-0.009716029547377714,-0.021557392447867918,-0.006713137342780118,-0.02649532710280378,-0.01278316201293106,-0.015045926385403585,-0.01408663998190307,0.004286196473352742,0.005592390340709834,0.005890733792407135,0.4047378856924201,0.0028800460807372305,0.00466854920690322,36.99135119807177,0.00946545069567506,0.025159067203188164,-0.015693616507513105,-0.02909674396340111
QLC,0,-0.003773012974559453,-0.012424154868535098,0.0033758990165859704,0.044998528979111496,-0.0033247779058857008,-0.006055703046200733,0.03107645937807124,0.008695164197426367,0.007352775584400962,0.006487207327745525,0.4046044645024922,0.006729081334113425,0.005927274012864512,54.10136856193059,0.006169615665342576,0.03634023266369825,-0.030170616998355673,1.1071896364337712
QLC,0,0.009654768870684505,0.00980248719824428,0.0026147588611271644,0.044998528979111496,0.004335726937093165,0.0032780241557135437,0.03107645937807124,0.007882625560049499,0.007239376187702564,0.006487207327745525,0.43594219239567633,0.007026948710518683,0.005723300185107248,59.82503873332566,0.02739718878011388,0.03448639787394757,-0.00708920909383369,1.1071896364337712
QLC,0,0.009852216748768683,0.009315533467425974,0.013670738801628834,0.044998528979111496,0.012335386568328444,0.011780052081269199,0.03107645937807124,0.007755403301400033,0.007810165377661185,0.006487207327745525,0.7082052617869237,0.005595408895265431,0.006161781819641411,61.980116582627005,0.08440196276502832,0.044758649017297765,0.03964331374773055,1.1071896364337712
QLC,0,0.0003170731707315966,0.017030221166778103,0.009295020266357756,0.044998528979111496,0.009233659794859017,0.011158373783767495,0.03107645937807124,0.00607806527674429,0.007728538455009829,0.006487207327745525,4.839421024233467,0.0034422371098978533,0.005609174666143886,61.92633444947796,0.12819627653256305,0.06183060069645451,0.06636567583610853,1.1071896364337712
QLC,0,0.010153165208735881,0.026393602928639348,0.021839775871349554,0.044998528979111496,0.014163149086734883,0.01919982611521931,0.03107645937807124,0.006526322237425959,0.008141807802405797,0.006487207327745525,0.833155284671697,0.00610535283259984,0.005779805776479047,69.06309054139177,0.20479487327826007,0.09094798742082309,0.11384688585743698,1.1071896364337712
QLC,0,0.0045435183870508045,0.03496196606202462,0.0221034383126264,0.044998528979111496,0.011806747914390847,0.021568745512136722,0.03107645937807124,0.004352449434522083,0.00814961360510866,0.006487207327745525,2.051959769657405,0.008903180212014224,0.006214625552059207,66.92482189061772,0.28169827774350154,0.1296558850804831,0.15204239266301844,1.1071896364337712
QLC,0,0.006641696113074191,0.03187337003767032,0.0419882955376738,0.044998528979111496,0.01215813678507871,0.024109898851390588,0.03107645937807124,0.0040762271626500314,0.006339868778028798,0.006487207327745525,4.523272066413297,0.00631845874537879,0.006072927559031228,70.38872772482375,0.3682021660124235,0.17792160715603395,0.19028055885638956,1.1071896364337712
QLC,0,-0.0025400204156421635,0.01921090387374469,0.028705397159145996,0.044998528979111496,0.005759412845699252,0.01860514801455948,0.026185208958532158,0.005032761115890707,0.006247992875226194,0.006487207327745525,1.199712167833852,0.007882993848449475,0.006530444549668037,66.62028710082464,0.41865615203207085,0.22651672700074463,0.19213942503132622,0.9785058219358658
QLC,0,0.0036740382043665143,0.022631274732115125,0.04004691151286721,0.043007606787595076,0.0049644964225801225,0.018338810891626256,0.027773006889754592,0.004658083858436506,0.005137760784988081,0.006448909010392896,0.23750007421877323,0.0021107994389902955,0.0062641570154865255,69.79713623710215,0.47023663315944475,0.2756230489337242,0.19461358422572056,0.9676210293784545
QLC,0,0.007573632538569575,0.02001987789294324,0.04694187752936885,0.050445971633279685,0.008566922430478074,0.021352581317948705,0.03298840713518336,0.003966126657451979,0.005134582959592652,0.006547178180532113,0.2639089305755972,0.006542316258351877,0.006351549700636933,70.9808129664627,0.5413515102938646,0.32908432085406253,0.2122671894398021,1.0032214721083783
QLC,0,-0.005567928730512373,0.009752650176678479,0.045055588063194874,0.048583590195214965,0.0010119412429530072,0.011237704558354933,0.024798061777506764,0.0057725406319890345,0.005479939012790916,0.006647567765801349,0.23002386247799095,0.008468645016797368,0.006264642661593561,76.75880702483626,0.5626964109674475,0.3760284261461391,0.18666798482130836,0.8714682139777704
QLC,0,-0.004479283314669513,-0.0014026978414739544,0.030425963488843966,0.03312027890761193,-0.0031928104300341653,0.0037244499767841166,0.018542062729559605,0.005657231975759857,0.005796298308669307,0.006534809814962686,0.09536330051048098,0.002196287964004676,0.0054402085053187384,69.15037775426478,0.5504368519835765,0.41104239033034323,0.13939446165323327,0.7731301983262783
QLC,0,0.0056242969628794715,0.006770928644828755,0.02611190817790532,0.04013961605584626,0.0010637702256310888,0.006783683685233521,0.022250309966104442,0.0060050298558531594,0.005381680300443098,0.006557216211215967,0.13550610361544302,0.003635346756152197,0.004590679086859282,78.05487228003796,0.5625293269053202,0.441431623466781,0.1210977034385392,0.8203605665766638
QLC,0,0.004194630872483174,0.007293127629733442,0.030089455136893317,0.039664157498552344,0.003801643651814013,0.00802985183140148,0.02453206509330652,0.006059342688347695,0.005338916638377248,0.006548195261510614,0.7243066534855584,0.004455583402951927,0.005059635879651608,78.9917945188111,0.5866424379525341,0.47054417619727307,0.11609826175526106,0.8402722157992947
QLC,0,-0.0051517683096629074,-0.005428730512249458,0.014482464858724953,0.036638534516653776,-0.0002798376941373082,0.0014030855548621268,0.01742132891031556,0.005501026666408639,0.005247622269098961,0.006677484976648383,0.2197579456335869,0.006158152554233698,0.004982803138827973,77.4335026101781,0.5721498648019292,0.4909046968928758,0.0812451679090534,0.741597218850661
QLC,0,0.002594821553533855,0.0027351623740201614,0.012514487632508953,0.03489453915053464,0.0017664889549688922,0.002757199451331571,0.018310147663031406,0.005025354657570691,0.005155405655087673,0.006655343598542144,0.038103882314661004,0.0033223797172906066,0.003953550078926621,75.35678275032984,0.5675534144291419,0.5062581987935616,0.06129521563558027,0.7515668411580426
QLC,0,-0.0038444679585791786,0.003374578177727683,0.0019671468227280275,0.044038039502560355,-0.0027541649267969204,-0.0012937276879557702,0.01222973813520234,0.004871999455889439,0.005002505876557562,0.005912815195095963,1.0098074500629837,0.005325112107623255,0.004579314907650336,67.46412490005477,0.5373755980466655,0.5124893924883497,0.024886205558315777,0.6784644288024495
QLC,0,0.0022421524663676085,0.0,0.006770928644828755,0.03567068799986073,-0.0005181877181128502,0.00027216577665001296,0.012729996228458829,0.0042034413028667755,0.004938812127295209,0.00559282184159485,0.5520878887872885,0.00300615212527969,0.004453475981475835,68.3815560781107,0.5192817060595161,0.5138492018925888,0.00543250416692731,0.6907411119009536
QLC,0,0.006572986577181306,0.002368421052631575,0.009678821879382848,0.05011334031560244,0.005573318471150612,0.005876102336817679,0.016913167827731668,0.004876472513374531,0.005211254524603122,0.005262054806527515,1.5708912796291437,0.007082918345716808,0.004978942970028812,66.765533991016,0.5337412189816746,0.5178307598255957,0.015910459156078915,0.7697606123526228
QLC,0,0.0008320588525365658,0.008397480755773179,0.002923162583518879,0.050002258852881676,0.0047259071468712666,0.0064177464763157666,0.015298884333783125,0.0037527650049869903,0.004670955118791158,0.005263720778395076,0.7468679520773854,0.00555170020818864,0.004857652500819799,64.79761416928477,0.5433127667554771,0.5229303934884088,0.020382373267068377,0.7668220827228912
QLC,0,0.0025135322692575457,0.008315720998277376,0.011073628219484988,0.05662814511410175,0.005580657951303136,0.007833719317211774,0.015082236851350794,0.0037479813598502456,0.004219903216059808,0.005055785937948277,0.24873082049973055,0.004414995756675439,0.005076175708696766,62.32028851308552,0.5580125684350747,0.5299503880378637,0.02806218039721109,0.8155871763278096
QLC,0,0.0015741141973473205,0.01380044843049344,0.017221597300337566,0.04817154447986116,0.00440944532065668,0.007698057196790842,0.014310446452056036,0.0022355207559846316,0.003735422918050758,0.004792673213502691,0.4797507788161994,0.004074930057170788,0.0048261392986062735,66.1745032948522,0.5715870358985455,0.5382810969470077,0.03330593895153788,0.8513981965302038
QLC,0,0.00726106091937484,0.018877237136465386,0.018877237136465386,0.04548206599713045,0.007923956135519328,0.013109792338497961,0.019409961511626106,0.0029611868901335413,0.003955136983356739,0.004611240331237096,0.5686268904199663,0.005763680851268239,0.005377645043803983,68.25315631611991,0.6151267254135604,0.5536552118258424,0.06147151358771796,0.9966331190272963
QLC,0,0.0006847801773293138,0.012917053872685269,0.01531606794764695,0.04586637522392478,0.006026224007770198,0.01225548206723892,0.01783131023308493,0.002719166901803478,0.0038818590870882104,0.004603912012036715,0.8875229357798166,0.0032912781130006734,0.004619316997260756,64.17025296525667,0.6458835831785308,0.5721056761107673,0.07377790706776344,1.0009038348392085
QLC,0,0.004114097641250591,0.016238723108952247,0.024772568229531,0.03961380093710054,0.006914457652384742,0.013928710647428622,0.020032593120115516,0.0025867212526220454,0.003146493468781386,0.0042424795523187415,0.5334295521922297,0.0032777929527452758,0.004164535546172083,73.9840465667782,0.685278333542044,0.5947449095818559,0.09053342396018815,1.0421903355788789
QLC,0,-0.0014340344168261021,0.012237111161258696,0.02065459256177804,0.033427561837455766,0.0030320748023362487,0.010404478255263694,0.01689465143872182,0.0033497734554959187,0.0033760881738188644,0.004260883624950181,2.05469082651275,0.0027354168091363314,0.0038286197566642617,78.53424108930713,0.7002446313710209,0.6158483603518853,0.0843962710191356,0.9466076710573073
QLC,0,-0.002363400123093662,0.008257677123995055,0.0221720852017937,0.02418284777147961,-0.0009759844280766705,0.0058172653102932514,0.0132777191131348,0.004003312649976615,0.0031107503843459047,0.004181133163862935,1.243771077666482,0.004935414615956188,0.004000716668421342,71.7554916478004,0.6907205239029963,0.6308247837702359,0.059895740132760444,0.842294343821231
QLC,0,-0.0017232822700713468,-0.0007355554610188886,0.01812779642058171,0.025021467081462356,-0.002551137121702518,0.0022920859716686337,0.010284250101907366,0.0026411327882144473,0.0033484110400280095,0.004146488302236208,2.1345365286113593,0.00823989068411704,0.004495958634991101,66.10218789386961,0.6657077313747664,0.637802115248289,0.02790561612647735,0.7708648064370063
QLC,0,-0.004346542335871728,-0.005759736697750983,0.00708291834571706,0.016830294530154388,-0.005742556714501634,-0.002764337257123217,0.005056334447259392,0.003154769121998536,0.0034001858752238786,0.004284710806170385,1.9777509940013576,0.01282758620689645,0.006403220253770258,67.26519337016568,0.614164668901239,0.6330742237743537,-0.018909554873114742,0.6371361564526937
QLC,0,-0.014758620689655055,-0.024446872439224165,-0.00860513532269247,-0.005707126948774954,-0.015583358163105632,-0.01664354546877511,-0.009495420909672259,0.005613250841464092,0.005953956597920578,0.005241607083573211,0.8254524871260337,0.010639787204255985,0.007875619104072399,47.383706119121655,0.48429618280790976,0.60331659038148,-0.11902040757357024,0.24848664674165627
EET,0,-0.012073933143021187,-0.0464212980159594,-0.0016879065768015122,0.11984646450579661,-0.015760978597234132,-0.024459037402042916,0.047134877688420396,0.022809905294891655,0.018402759434624053,0.01831812529026006,0.20494818883540877,0.018485871152974346,0.015380412313829472,59.6274763527675,0.08336065934031467,0.20593168350562185,-0.12257102416530719,0.8581947926846721
EET,0,0.014827314091909072,0.0005578694353765012,0.004690832265346279,0.11984646450579661,-0.0012785965774986252,-0.010451780846587821,0.047134877688420396,0.0203191100118352,0.018837186114916867,0.01831812529026006,4.5840657033084975,0.012029694534107849,0.01553500869212852,62.63441540368901,0.06522857916655767,0.17676484576612808,-0.11153626659957042,0.8581947926846721
EET,0,0.05204319505774935,0.026611494460714757,0.04000713098773989,0.11984646450579661,0.04500573056578938,0.03689500108519983,0.047134877688420396,0.02983408833971566,0.024637843068349874,0.01831812529026006,0.14983999498023468,0.018855847907692812,0.01501165814592933,69.98170607764753,0.24142981759819548,0.1900724149038532,0.051357402694342275,0.8581947926846721
EET,0,-0.0029313845287689544,0.05021202584064932,0.025012044452923154,0.11984646450579661,0.03166361296159503,0.03125383255839065,0.047134877688420396,0.02537119279225965,0.024579245022067733,0.01831812529026006,0.1390327182289652,0.002537802852622865,0.01210692784350376,65.5886408526814,0.36127641968477064,0.22510201226822227,0.13617440741654838,0.8581947926846721
EET,0,0.012720559357615846,0.06503734642185943,0.029878899671184733,0.11984646450579661,0.03162328537564041,0.0412171355088129,0.047134877688420396,0.024547225199453314,0.024737652554209563,0.01831812529026006,0.0814865680337932,0.007305965941832571,0.011843036477846089,66.50050429192336,0.49947414839448356,0.28098310374447255,0.218491044650011,0.8581947926846721
EET,0,-0.008597086335305204,0.0687855739686698,0.019171160324311876,0.11984646450579661,0.009465113114809576,0.030265186974879787,0.047134877688420396,0.023696811465331504,0.0250209266053068,0.01831812529026006,0.4958497776738598,0.002199328262310749,0.00858572789971337,62.63563089601329,0.5641950607002499,0.33845373420742875,0.2257413264928212,0.8581947926846721
EET,0,0.006663964634801456,0.06018818009301463,0.06077962667443604,0.11984646450579661,0.004600972117619895,0.031004134957282714,0.047134877688420396,0.023872757114040234,0.021790696268113904,0.01831812529026006,0.23388044116687334,0.00842696629213493,0.007865182251318787,61.066586321181084,0.6349214410629287,0.3984388569582881,0.23648258410464057,0.8581947926846721
EET,0,0.003912297128589204,0.011684649704266636,0.038607090155861945,0.11984646450579661,0.0061872097839181794,0.031070745621282647,0.045351308478628116,0.008311606628761802,0.020718315394992377,0.01831812529026006,0.3669316157324928,0.006062424316850285,0.00530649753315028,59.66318352439888,0.6985428954157342,0.459018412427699,0.23952448298803525,0.8624603161208744
EET,0,0.0072127304692783945,0.021977467338997858,0.07329302633758505,0.12316279392263763,0.009046342063544044,0.03119459660760171,0.04684784970688316,0.007928260707997197,0.017974917619784203,0.01831656615189417,0.06679406762613609,0.010565678983003288,0.006912072759226365,59.57864443627663,0.7705993024359543,0.521797820700352,0.24880148173560235,0.8960599846711655
EET,0,0.008173508018402442,0.017388853067695553,0.08355712435039764,0.10310815557326758,0.013768465682037156,0.03135478447966911,0.05022407833911546,0.006930775227005822,0.017718112712516602,0.01768344708557975,0.0470404657507996,0.004133224542781327,0.006277524479416116,60.85280418070964,0.8533268273205081,0.58849734653089,0.2648294807896181,0.9178273868919521
EET,0,-0.02767882702149116,-0.00219304446727564,0.06644167967897374,0.06464162575406851,-0.013864172777855455,-0.003418266465371911,0.017999245750776938,0.01536288154444548,0.020213136105899848,0.019120409878535295,0.4132393699873694,0.014956814167094424,0.008829021660372851,61.98848907542277,0.7832061865548425,0.6276238843866413,0.15558230216820124,0.6568002290092572
EET,0,0.012658187989835756,0.0037484394506865915,0.06416223129242682,0.06915403782253637,-0.0021257510019825343,0.0030930164700435636,0.027459783708567054,0.01625440626111603,0.020126904315443023,0.019203813525708494,2.058640574301037,0.00248755445412189,0.007641139292770242,59.729782747290464,0.7753512102340068,0.6572813924537637,0.11806981778024306,0.7443423896007758
EET,0,-0.003112552510719735,-0.0032752635988725354,0.00837111579755212,0.048713151111518416,-0.004580914903777433,-0.0008585884556470136,0.021830959486043966,0.01622772115498696,0.012250879141079397,0.019013000403049075,0.347596353087443,0.006394260761072934,0.007707506581614773,67.2566127339997,0.7460926571432438,0.6750974912462474,0.07099516589699639,0.6951621572355574
EET,0,0.00449469744229547,-0.005964994050439487,0.015881377826637566,0.04129064800773419,0.0010945357455602878,0.002060029133830854,0.024339192502028206,0.015945771347395832,0.012217711419805053,0.018899642633304903,0.2734256635117552,0.009936622976577526,0.00758169538032962,68.61388374508826,0.735006105660311,0.687108254372373,0.047897851287938,0.7150697732802284
EET,0,-0.00773503994832947,-0.021650442484649646,-0.00463806578017012,0.025102253588900503,-0.0022624335492105185,-0.005230052418819464,0.015152553634436128,0.015204462569916501,0.01186458744933468,0.01897377238159125,0.14021669853409816,0.0018776404318573705,0.00713057855814483,70.06770718028191,0.6821711547491844,0.6861189207982921,-0.003947766049107626,0.6333312426957378
EET,0,0.004329525895790942,0.01055636199898613,0.008340166960434159,0.02767121796267613,-3.6143253160703104e-05,-0.001748080455247325,0.018150145449567612,0.007843401277915345,0.01157297316874572,0.018984920359718993,7.13398927978156,0.004622452938069745,0.005063706312339893,68.29418431954977,0.6529607563094828,0.6794770100414511,-0.02651625373196831,0.6584770226681722
EET,0,0.015028035402973039,0.012921290667628593,0.01671816479400756,0.07851391528330498,0.01236977750374324,0.011568290831492689,0.02957800865254967,0.008667230018380462,0.012314950477217316,0.01737395545224354,0.16970947223654806,0.0035317791049450627,0.005272551242504528,59.70770109518966,0.6926377310122902,0.682112416711055,0.010525314301235156,0.7671498415313451
EET,0,0.007932305264821915,0.024143792888334126,0.020789452003475928,0.06019916240712697,0.015514454063613403,0.01747955569238724,0.03469650309102268,0.008244169697288087,0.01245893784526458,0.01666617321833696,0.2233128308437453,0.014591559676616057,0.006912011025613151,63.51892936377299,0.7533989816919515,0.6963838634635171,0.057015118228434414,0.8059822539504349
EET,0,0.011944916938361416,0.03173974742346486,0.025585425968482012,0.10075368560543319,0.021187969582805444,0.026995282490350547,0.042062374770023725,0.008825718444516633,0.012759671031122903,0.015356558533711892,0.23956821352573948,0.015943719197923326,0.008113430269882312,63.422509776720034,0.8498989421050496,0.7271112239148982,0.12278771819015133,0.8805855099358358
EET,0,-0.006523456604341393,0.032999530589892245,0.010634633666185556,0.0950803574242498,0.007992607738666502,0.01920147859011534,0.0306325107193961,0.008347731048349715,0.012892540483797755,0.015510021341983933,0.21413588564601943,0.009406383010951319,0.009619178785701102,64.33423913043487,0.8834053237892832,0.7583898690864382,0.12501545470284492,0.8015925355559672
EET,0,0.014985080052712041,0.043959262588667114,0.0549796744767479,0.12507429607615994,0.014357588513686848,0.02892723974705036,0.04002926000452112,0.008977961786050046,0.008664292977792832,0.015149061145066268,0.4299982950670607,0.00717821523602313,0.01013033124529178,66.62239024556393,0.9730746967338604,0.8013486172891003,0.17172607944476004,0.9685766030388715
EET,0,-0.0011685119604586403,0.027301066901197713,0.04057512258979301,0.10734074428254492,0.0077454717703286935,0.023622854089314416,0.0336098480332534,0.009033695691108767,0.008478605424103756,0.015081561403686248,0.9803357381467029,0.014940983116689076,0.012412172047640582,65.04938686182112,1.0261250826803234,0.8463221538011223,0.17980292887920113,0.981842133919548
EET,0,0.021334229792320247,0.04096052725752686,0.06609326263256388,0.07501765278505124,0.020975141867031866,0.03872862760829787,0.051787023509762165,0.011587518118230469,0.009639315990991493,0.011101384962317955,0.20922630870986403,0.009770633679501609,0.011447986848217693,68.55871997333283,1.1631858815406844,0.9097154716568568,0.2534704098838275,1.1224584774812432
EET,0,-0.011575838344946354,0.016765358714871503,0.0490372343894101,0.06569739106295924,0.0058091864459459686,0.021800516113109403,0.036290949988585286,0.014137469488968758,0.011214675723008565,0.01153234674840058,0.048723377406373995,0.005230394899255072,0.009305321988484041,61.36896009734831,1.1972691356511405,0.9672411389727981,0.2300279966783424,0.9185659603795471
EET,0,-0.006540213655859439,0.01674820884896766,0.05030042246909727,0.045429060020745204,-0.004047627879372406,0.010206555618948343,0.02721563560026241,0.014140414772975708,0.011071079911482247,0.01150402875549048,0.24686690086138743,0.0061780536821767615,0.00865965612272913,71.23821407131013,1.1766637934653374,1.009134370755137,0.16752942271020044,0.8055057310922774
EET,0,-0.011657407779848583,-0.009940559602317878,0.03358172331651277,0.04220196745622551,-0.013708315914479297,-0.00479823155780057,0.013158405133247175,0.013699658975323395,0.012264532802272321,0.011675491971128226,2.873839807493984,0.009571584903726513,0.009138330056269805,61.930892869786945,1.087454311318325,1.0248009619267227,0.06265334939160239,0.6522846289851161
EET,0,-0.000583339111455583,-0.009360525922605833,0.017684988634148358,0.03469881398252195,-0.012444037725922952,-0.00709492809530432,0.010851135176974447,0.01371019583117503,0.011591669094262643,0.01163990551491315,1.4879177212129027,0.008325352356964666,0.007815203904324924,63.134150596104575,1.0021901289298825,1.0202781941483996,-0.018088065218517135,0.6284087907560193
EET,0,-0.01588754741454068,-0.04546365526149865,-0.006365343294537085,0.014291776710031234,-0.01905245272591749,-0.02225772557566086,-0.005905521557915017,0.005867625552568936,0.01259854799919061,0.01227303099640198,0.8061243600948933,0.010881209377457015,0.008037319043916006,54.63729000275413,0.8432184264651141,0.9848624745664659,-0.14164404810135178,0.42856733078814535
EET,0,-0.008890407830792646,-0.04287029390260855,-0.02682367104322636,-0.0019245401244237792,-0.019231673342119393,-0.02835499614392012,-0.014649827392308357,0.005722488981475791,0.012008432132900324,0.01235684086513988,0.8152050501839321,0.009260862842121546,0.0088434126324893,54.14874336746952,0.6645056874660611,0.920785666094372,-0.25627997862831087,0.3233811887146228
EET,0,-0.01979279418586677,-0.05563823748932961,-0.039821869461821646,-0.02961072678926513,-0.027628899378381866,-0.04380962896826923,-0.03272728105040412,0.007313248828588821,0.013161672058254458,0.012948602302616739,0.8576986730931158,0.0113424830414891,0.009876298504351769,46.08027394294822,0.41830813070860984,0.8202833191819218,-0.40197518847331193,0.13015456590071106
EES,0,-0.0026130653266331905,-0.01742574257425744,0.00445344129554659,0.05987566245413789,-0.002476720436160207,-0.01086552854406464,0.016110313370135465,0.012682799241687472,0.011088714451169754,0.010851976964757799,0.7598722656285949,0.013085449415558175,0.011480380936826741,55.1546391752577,-0.02045985187077548,0.034223514344378606,-0.054683366215154086,0.8278532801785342
EES,0,0.013099556630391085,0.015145395799676997,0.00339321357285427,0.05987566245413789,0.007552131352569047,0.0017522194680292813,0.016110313370135465,0.010619252065972282,0.010946335212316827,0.010851976964757799,1.2871890322553539,0.019693654266958464,0.01237549305031537,59.94738572837883,0.0013482846063226361,0.027408693193682478,-0.02606040858735984,0.8278532801785342
EES,0,0.008951661030435654,0.010439078811060654,0.0035615354174911573,0.05987566245413789,0.014440577623104911,0.01035715687249028,0.016110313370135465,0.009606771736431518,0.010960867448099891,0.010851976964757799,1.6679510073429709,0.011334779179810716,0.013088540208295201,58.865248226950335,0.04517156882344864,0.031064160579360747,0.01410740824408789,0.8278532801785342
EES,0,-0.01360410094637221,0.008059641345960156,-0.018827221023730134,0.05987566245413789,-0.0009585047326171603,-0.0014783230184692853,0.016110313370135465,0.010438601205205856,0.011327665507471581,0.010851976964757799,0.6670215597551238,0.005596642014791148,0.012193361256830716,54.62237543089944,0.03533201599184821,0.0319373951564379,0.0033946208354103113,0.8278532801785342
EES,0,0.01639016590045972,0.022110552763819014,0.0008916497883071361,0.05987566245413789,0.010974591435047198,0.01479586338472827,0.016110313370135465,0.012384311279863603,0.012666265857892975,0.010851976964757799,1.1230362093589852,0.011209439528023604,0.012183992881028423,60.12287070650659,0.07906365297289852,0.041535551737334704,0.03752810123556382,0.8278532801785342
EES,0,0.002753195673549591,0.027609834744054984,0.009702970297029712,0.05987566245413789,0.008265443328324018,0.016595690383909956,0.016110313370135465,0.011840322080711469,0.012494607426738425,0.010851976964757799,0.9099852642512424,0.012649539125318611,0.01209681082298051,56.740381702514405,0.12069099649762904,0.05759812679189055,0.06309286970573849,0.8278532801785342
EES,0,-0.0005883506569915875,0.013725880246667987,0.029079159935379684,0.05987566245413789,0.004929994084007072,0.013089046869284582,0.016110313370135465,0.011215071141458623,0.010297653298463392,0.010851976964757799,0.7645120790043564,0.009615384615384515,0.010081156892665718,53.391472868217065,0.14936321667049413,0.0761652086470979,0.07319800802339622,0.8278532801785342
EES,0,0.020359105180533854,0.025187302839116743,0.035889313889553076,0.05987566245413789,0.02024899196515273,0.03002570235778279,0.03376991668407925,0.013674877824660508,0.011249029573800678,0.010851976964757799,1.1695320552463409,0.036732535218039264,0.015160708100311426,57.43048897411314,0.238366225921105,0.10890740556538059,0.12945882035572442,1.1172104385236963
EES,0,0.01586807058031625,0.05581850889466322,0.06432802740278065,0.06347090799275223,0.025203390573949935,0.03979428755451919,0.04689302912962323,0.009255201421487457,0.010514534618538157,0.011035269346332591,0.49791195479996275,0.0251748304702911,0.019076345791411417,63.59899181863524,0.3597777226376948,0.15945444026495867,0.20032328237273614,1.1778020839250647
EES,0,0.004304975521840948,0.04326450344149446,0.06633165829145726,0.07301779935275077,0.02089869105584974,0.037530844784798845,0.047652074449849424,0.009057333855147514,0.010453810139018563,0.010883980857441519,0.33669211748059547,0.004901036757775646,0.017814665237361825,67.36584037047129,0.4651219528015673,0.22095095411706603,0.2441709986845013,1.0952814047231225
EES,0,-0.01187558906691788,0.028044714649931413,0.056428859330915015,0.06113360323886652,0.0032532044963813345,0.01962595171734627,0.032132761965218526,0.012928964712011612,0.011687734524826809,0.011388787434170407,0.7688526512315893,0.014423884013735146,0.018169534215045136,70.73798627002293,0.49814000102959,0.276651803322928,0.221488197706662,0.8908392765902131
EES,0,0.008012209080503707,0.03689167974882257,0.05112393077382138,0.05469061876247516,0.00406604945614375,0.022683087659075785,0.037603505073339205,0.01246120975565637,0.011431283901439899,0.011152640817879918,2.9652070204370102,0.01097653292959889,0.018441763877888005,69.62589073634211,0.5471511151354775,0.33095682425399503,0.2161942908814825,0.9253788251795652
EES,0,0.004542013626040786,0.020818308572527533,0.04652996845425861,0.05025722200237426,0.004494108153812348,0.02265701628833705,0.03972338813493059,0.010114654793786959,0.011349115364104346,0.011071434121186302,1.4573627632789061,0.009231348907309625,0.012941526615742082,76.91107644305774,0.5957435710407495,0.38407471257804177,0.21166885846270772,0.9158651450729618
EES,0,0.0092313489073097,0.014149246723940134,0.07075754547271629,0.05059815650127475,0.010907306763284996,0.025106007672316633,0.04667665995063808,0.008502832000690477,0.009406839268669835,0.011081621743482099,0.7164318621886894,0.014187044987866305,0.010743969519257122,78.17109144542775,0.6613747965924475,0.4396691484788977,0.22170564811354976,0.9448812085296951
EES,0,-0.013253686764980399,-0.0035815268614514117,0.03952802359882002,0.04045491854100125,-0.0017751255806925936,0.007643872806597063,0.03073475144833715,0.011005645616549455,0.010669857535313673,0.011561584020677135,0.37104147750476785,0.009269769201664679,0.011617716008034929,72.01086956521743,0.6540725270589718,0.4826329282311536,0.17143959882781817,0.7834941497884095
EES,0,0.00047294740824810333,0.008870660053414747,0.03716414983330063,0.04722772277227727,-0.0030538956020134123,0.004491865011944318,0.02882990125781415,0.00907895473191626,0.010722165169168645,0.01141418178784167,0.7998851266996662,0.008696227663798762,0.010472184738047651,69.41351150705272,0.6425707967975427,0.5146700770309862,0.12790071976655648,0.7606954576003213
EES,0,-0.023352557435945887,-0.022520817562452833,0.013540031397174301,0.04301292407108237,-0.02194701660701781,-0.020249628633825956,0.0027265815051207287,0.013482212256577862,0.013730120949457403,0.011836788811019273,0.8428881923991621,0.021610842207163587,0.012599046593560592,56.183510638297875,0.536435835046646,0.519028624254239,0.017407210792407035,0.5259955021992534
EES,0,0.006001936108422035,-0.02110022607385076,-0.0007211885186788614,0.03514224240975383,-0.011885518684035423,-0.014299112793319968,0.007020557386653525,0.013739584893266469,0.012195855912811514,0.01156695664319738,0.6719287509923261,0.01826404926866817,0.014405586665832299,63.51540616246499,0.4699986423386804,0.5092129068554615,-0.03921426451678112,0.5687337921132466
EES,0,0.011932255581216245,-0.01848049281314168,-0.0045927311415947525,0.05943985492645565,0.0036841201061330597,-0.0020782129266740945,0.016131817303828067,0.014434215478413472,0.011679260170478855,0.01134904930714916,0.840660937269872,0.011601369341955105,0.013888451536650059,62.463976945244944,0.4582896812075461,0.4990201862206092,-0.04073050501306308,0.6670793327284511
EES,0,-0.007607455306199995,-0.012864169504351097,-0.01639962299717246,0.04884422110552755,-0.00135882566840817,-0.008031937645549103,0.006039417734924779,0.013696039822200867,0.01175350467423615,0.011592690386824945,0.5633257588368051,0.018510923725565308,0.015736682441430182,58.263888888888886,0.41422302799166744,0.48204999844045804,-0.0678269704487906,0.5675261848485454
EES,0,-0.0007665772326561626,-0.014087170275125183,-0.005341472720335805,0.050785973397823536,0.0007293386050439832,-0.008264462809917328,0.002832029193298169,0.01363963769590616,0.011184512675217402,0.011557534911570804,0.43356898445337,0.011530494821634036,0.01630353587299724,58.18307905686548,0.37201183567415796,0.46003120103049683,-0.08801936535633886,0.5356454303345579
EES,0,0.015151515151515138,0.024782187802516953,0.0017032551097653226,0.05291426297990842,0.010924787043049777,0.0065895195260872175,0.015428937192372372,0.009277634655672377,0.011985879849037602,0.011664784178292083,1.8173801124988083,0.015303230682032782,0.01504201356797108,56.69658886894075,0.39384019137262527,0.44678762686700646,-0.05294743549438119,0.7076119546045748
EES,0,0.015114301908180527,0.034064665127020666,0.012245666917859888,0.059345425867507906,0.019312490514493685,0.02054189578050658,0.027808897175208624,0.010368668380487082,0.012843563426871877,0.01191874462078484,3.188937670908447,0.008933556672250214,0.01317591504868749,56.53991408885172,0.4665403393928713,0.4507394518126951,0.015800887580176226,0.8737654052859011
EES,0,-0.015819839940442892,0.005705591479650218,-0.012880343475826006,0.0569658205076955,0.0020465398317288663,0.005715155146017059,0.0087992360749507,0.013778290750229417,0.013546872846093789,0.012089828577611568,0.4986316410474911,0.011724659606656532,0.013200573101627774,48.87566137566141,0.45385014224726206,0.45136175145783314,0.002488390789428918,0.6400682379838084
EES,0,0.0035930408472011344,0.01705634342660023,0.0039727582292850006,0.043657817109144625,0.002266288951841222,0.00892577066757938,0.010284552060065844,0.012865729776252744,0.01291592030412454,0.011666362937223451,0.5632766612661363,0.007132089692858536,0.01092480629508642,54.564606741573044,0.45311265425158354,0.4517120047613484,0.0014006494902351618,0.6808763505431039
EES,0,0.0015074429998116479,0.01937092443421551,0.005010872648198994,0.042361247303392746,-3.762793497896766e-05,0.009937864594219858,0.009731513055600383,0.012718562900006065,0.01292007132972502,0.011666599988828082,1.0494324853228962,0.005832549388523091,0.00978521720846423,52.28613569321531,0.4534208810119864,0.4520538368080668,0.0013670442039195874,0.6928938499902673
EES,0,-0.009031044214487194,-0.00491214812015861,0.01974830590513066,0.03355572998430145,-0.008097928436911483,-0.0011189288626751726,-0.0010100855874697334,0.01194940231528143,0.010549249885093837,0.011920545761263444,0.7713505138788689,0.014503512435921769,0.009625273559242028,47.0797720797721,0.41178974735253604,0.44399994837156215,-0.03221020101902611,0.47505955540994427
EES,0,-0.011011961268274084,-0.030522985296854488,0.0025019245573518756,0.0017789316794076804,-0.012923520048510606,-0.012362064388911964,-0.012097584807126749,0.008351768305240708,0.01118622962699195,0.011390945898316632,0.5027682657535124,0.021814167786523297,0.012201395782096645,39.59212376933895,0.3300271706890783,0.4212029686443716,-0.09117579795529335,0.19772554039874754
EES,0,-0.010366673065847709,-0.025151285930408607,-0.01958919741346521,-0.024091960638060295,-0.018207442958899867,-0.020688082980299782,-0.021157616409613667,0.007024283249393482,0.010827973006809995,0.01098919065977897,0.4765531045445655,0.009464597478176455,0.01174938335640063,40.56195965417864,0.22072562750095415,0.3811040891802844,-0.16037846167933023,0.026849094558087296
EES,0,-0.02067895247332674,-0.04872809496890895,-0.03250287466462243,-0.04836946277097065,-0.028944695780629748,-0.037839197703804395,-0.039058016463012435,0.00788231532747369,0.0122817495956516,0.011730177394857379,0.9884639948906275,0.008022343712859542,0.01192743416040083,34.95802531011151,0.050453341186745604,0.31496943869049576,-0.26451609750375016,-0.17849401061928974
EEMX,0,-0.007190949227373178,-0.0235619144801833,-0.002174286839463413,0.06465702947845808,-0.008982656080948614,-0.0133274318470199,0.025826121770195165,0.011987914683606557,0.00954790395424618,0.009310415128159298,1.64864,0.009171915040272998,0.007032101209520809,60.04250186663598,0.027102543549027303,0.06543548117873237,-0.03833293762970506,0.8589816801596943
EEMX,0,0.009188591249437383,0.0016551724137932045,0.0031024070590122133,0.06465702947845808,-0.00020706259678526795,-0.004567857438545597,0.025826121770195165,0.011246827895711029,0.009938113760077565,0.009310415128159298,2.492683419113937,0.010327733406774993,0.007828682373634446,63.50713386487619,0.023366864472656346,0.056714930746282415,-0.03334806627362607,0.8589816801596943
EEMX,0,0.025888185072982628,0.01316709233284108,0.020408163265306145,0.06465702947845808,0.022948651547714638,0.019120617918137572,0.025826121770195165,0.015309764296882024,0.012668507888327948,0.009310415128159298,1.2316201969760023,0.010738255033557008,0.008702870742412338,69.85505990423985,0.0772492477623885,0.06094074010869038,0.016308507653698123,0.8589816801596943
EEMX,0,0.0018093959731544373,0.028245660925320326,0.01623862030276868,0.06465702947845808,0.019062048053270164,0.01930170783171592,0.025826121770195165,0.012767432685137328,0.012597075735891033,0.009310415128159298,1.0814734168027582,0.0029476866019606546,0.007145396162208467,66.87773757379543,0.12155443815682077,0.07334274811141503,0.048211690045405736,0.8589816801596943
EEMX,0,0.005659558275764143,0.03555739514348777,0.018279794545636996,0.06465702947845808,0.017667342425159438,0.02318766610720502,0.025826121770195165,0.012161933308498012,0.012647962004471092,0.009310415128159298,5.267902534679352,0.003645219912280259,0.007366161998969183,67.28888470942255,0.16730895375044952,0.0924807488104898,0.07482820493995972,0.8589816801596943
EEMX,0,-0.003160256444418419,0.039761641383680546,0.015262866509623274,0.06465702947845808,0.00664097817195497,0.01839258939042354,0.025826121770195165,0.011064322793789777,0.012736540110439136,0.009310415128159298,0.2562740428649936,0.0041432771986100285,0.006360434430636589,64.32199985823307,0.1928286699065751,0.11284379545946835,0.07998487444710675,0.8589816801596943
EEMX,0,0.0016920609462711678,0.03203800605893692,0.03374620689655172,0.06465702947845808,0.002070817464820962,0.016729934239889666,0.025826121770195165,0.011346497074415911,0.011109702986200686,0.009310415128159298,0.335039765974952,0.0045819290001147825,0.005211273549304546,62.13925732768344,0.21429717718616104,0.13337113592738536,0.08092604125877567,0.8589816801596943
EEMX,0,0.002343001550437318,0.008351677852349138,0.021628737498606165,0.06465702947845808,0.002750274440120881,0.016918086614733818,0.025029247681676248,0.003151221738364686,0.01043498725303346,0.009310415128159298,0.4973007472808021,0.004840113841181505,0.004031645310829446,60.880829015544045,0.23412467212197896,0.15370943082675625,0.0804152412952227,0.8663527779210373
EEMX,0,0.003628754216463248,0.010182917352227205,0.03871620150830912,0.06438415341741721,0.004351245588009478,0.01674042364049466,0.025557875991163437,0.003274164345143012,0.008991591662840817,0.009309563811017572,0.39563498005090764,0.00895021937852484,0.005232151866142283,60.906148867313895,0.25582814558212164,0.17428499464177652,0.08154315094034512,0.8929515626488741
EEMX,0,0.0040188448009677025,0.008534824107480743,0.044395695364238374,0.054304528766497606,0.006669478862518119,0.016415930023435887,0.02695614376392963,0.0028780479655931483,0.008798868419813342,0.008984102884258155,0.8206238807213361,0.0018521013820746073,0.004873528160101153,62.495320338433096,0.2799199354249211,0.1955374350638157,0.0843825003611054,0.9077231478271176
EEMX,0,-0.015030819918148142,-0.003475006682705062,0.03614846273145189,0.03389557876520488,-0.007775442122807008,-0.0023461457457741863,0.009845724936769606,0.008083242104520078,0.010185220786079622,0.009802154417952947,0.3407029039720008,0.009120171673819642,0.0058689070551430755,62.94620412267469,0.25621742606643494,0.2077310158214154,0.04848641024501954,0.6551189499071208
EEMX,0,0.006169527896995541,0.0009793639738158166,0.033048746901679804,0.03625368462637124,-0.0018488813575920915,0.0005956625205032484,0.014273239153650863,0.00863918661229147,0.010045063358931548,0.009842076078080806,0.6122845485581059,0.00443881631564914,0.005840284518249948,60.07692099347249,0.2507591177641828,0.21636927061389086,0.03438984715029195,0.7297324980292151
EEMX,0,0.0009250866435617233,-0.00043662193066773547,0.007911409395973124,0.02848102999589086,-0.0008382965813467091,0.0007345975732691024,0.013786472100195235,0.008575353041613524,0.006158276168866315,0.009717165683876436,0.5669154530933277,0.003595713909020584,0.005591404531817763,69.24873970244684,0.24600791504729358,0.22231496927213037,0.023692945775163204,0.721596409425642
EEMX,0,0.0012065617783603155,-0.002849002849002802,0.0073049033426766385,0.023662145197175466,0.0009394291849333936,0.0012145619586412248,0.013820348283295258,0.008381253277643413,0.006150302697401082,0.009660041456551218,0.47900243927706987,0.002476722532588447,0.004296705162630485,70.79354321976462,0.2426423692175277,0.22639030281309222,0.016252066404435467,0.7194069588990258
EEMX,0,-0.003724394785847296,-0.010539275910264156,-0.00209440266889771,0.016147106626255958,-0.0006655114057552147,-0.0023054868669302175,0.009234563629342274,0.008036073844176204,0.006031925363380615,0.009702915007185347,2.0193582604083797,0.00445126835781038,0.004816538557777639,73.5250831840287,0.22717939857839298,0.2265484278244066,0.0006309707539863818,0.6459201705623491
EEMX,0,0.002712950600801012,0.007285407725321935,0.0037850842020850095,0.01910572194661264,0.0005952688648802607,2.39675958102481e-05,0.011013520080619177,0.003569938012816763,0.005996753870517996,0.009708264218803107,2.446305729139316,0.00798900712619428,0.0045903056482525665,71.43202375198506,0.21979673366926988,0.22519599620681696,-0.005399262537547078,0.6728137910739913
EEMX,0,0.00883850488394633,0.009957344708077853,0.010946460546575665,0.04506206896551723,0.007433791547485802,0.00776181563386813,0.01771145951941744,0.004522907947859526,0.006567299444613876,0.008958313736258702,1.1360635696821515,0.003186083651193775,0.004339759115361493,63.84094384968315,0.2355882326819838,0.2272770196841356,0.008311212997848205,0.7868562130992761
EEMX,0,0.005902305753164416,0.014979477795800777,0.014536315496617602,0.03647945514729689,0.010357817439822004,0.012239708954288275,0.02187737530491418,0.004770403551449656,0.006735910106601669,0.008556278544528458,2.0156354795439304,0.009617630310362163,0.005544142395629809,66.1512660040087,0.2615458000436206,0.2341375701160896,0.027408229927531003,0.8421300045009242
EEMX,0,0.0032251207780176205,0.017025804735301797,0.014128295320101625,0.053391490756992566,0.010188022335645641,0.014069652765362095,0.022516492525037846,0.004666317494995696,0.006722698278800688,0.007825762529521375,0.4586424351804246,0.002079518702589668,0.005464701629630054,64.88287217789846,0.2878487083911523,0.24488831538903846,0.04296039300211382,0.8612780449614023
EEMX,0,0.00026157467957110825,0.02109479305740991,0.010333193302843657,0.05518763796909498,0.006251177555967491,0.013283714935521163,0.02005567092534566,0.003281987308489129,0.006666342710670544,0.007788280889880864,0.23160373583913485,0.007060669456067027,0.0059865818492813834,68.4624966634043,0.30582267622927617,0.2570829168039876,0.048739759425288576,0.8445238305490983
EEMX,0,0.007455543933054365,0.02592432812450074,0.033398605150214644,0.07075437611522162,0.00858598313905179,0.017481353926767973,0.024183290715633188,0.0034310177325852227,0.003828210703321325,0.007490396817361769,0.2133917690072185,0.004918871073663727,0.005372554638775272,71.29494655004859,0.3375761006691178,0.27318972069686265,0.06438637997225516,0.9877654124108491
EEMX,0,-0.0011083683105300723,0.015808993361225765,0.02592375366568911,0.059829248141007874,0.004318718727914561,0.013750104055695767,0.020102425362278797,0.0036261274775401552,0.003912372120303842,0.007428859678087386,1.1437379055848071,0.010376171964326462,0.00681057230140181,68.99979377191163,0.3553222551182458,0.28962289366804506,0.06569936145020072,0.9818167149968238
EEMX,0,0.011771615075982789,0.02173610691970773,0.03704118024647962,0.04524563758389255,0.011766882573881476,0.02193965224224681,0.029810233592733715,0.005303181971329581,0.004807057965478848,0.00557184131243347,0.22093380251753536,0.006557014952973343,0.006198449229924046,72.58135123303657,0.399178214972963,0.3115410707841652,0.08763714418879781,1.1108765855933047
EEMX,0,-0.0054166645263693525,0.012934867904786929,0.030180899175312526,0.037706271069259945,0.003706959919629771,0.013386557858904302,0.02232971159501873,0.006913423629004261,0.005576462623727724,0.005828894406204248,0.20572891032581947,0.004183398107141449,0.006619225110834402,65.63236449332278,0.41296817634911775,0.3318317596611614,0.08113641668795635,0.9324990627014732
EEMX,0,-0.002494544797221443,0.010143828451882664,0.03145260347129497,0.029292326385743195,-0.0008060206326796493,0.007752261565453278,0.018301826782003205,0.00724756169304652,0.005423342819241009,0.00583494090201076,0.27422715242975393,0.002663877663554017,0.005739866752331799,78.946012111841,0.4116858372241978,0.3478058928714361,0.06387994435276173,0.8410756056424402
EEMX,0,-0.008260868439651126,-0.00561452144186525,0.020164253986514558,0.02402566158781072,-0.007950113684035975,-0.0025430611040275775,0.008694768380654416,0.007706083858391507,0.0065142219510397155,0.006150482395162051,1.49345800461024,0.005742805830514108,0.005904653703701876,66.52188301480919,0.38166196224779725,0.35457823199455324,0.02708373025324401,0.6651735066899058
EEMX,0,-0.00027408846009269183,-0.004784005155603621,0.010949357899877166,0.022015675160714343,-0.007275464514614027,-0.0038922751408072553,0.007324203274422292,0.0077149322098288104,0.006076692261899173,0.0061580094716098405,0.6480852433224873,0.0018277573678205114,0.004194970784400686,65.74460972756131,0.3529788377692853,0.3542583106246555,-0.0012794728553702228,0.6421179457031434
EEMX,0,-0.009616614836689852,-0.02582225943485883,-0.00464742790713546,0.009821331111176113,-0.011670779276614862,-0.013016832577678383,-0.002846606103115046,0.003889268883686303,0.006668557863597458,0.006596764197231906,0.9619268088459834,0.010545742156604233,0.0049927162251268645,56.258743833296435,0.29825077537615385,0.34305561229973586,-0.044804836923582,0.44342492757401186
EEMX,0,0.0003981017664116404,-0.02012679311546961,-0.007452262620978312,0.006570744932011152,-0.007245038331307518,-0.011891385158228518,-0.0027743273343580066,0.004614682305892953,0.006554597043882003,0.006555790832107263,0.6017377772014006,0.004743695496915273,0.005104775703081628,59.55312005557043,0.25314684794179243,0.32507232957964494,-0.0719254816378525,0.44412872541966797
EEMX,0,-0.008472767234767975,-0.025999342444191775,-0.016119246861924674,-0.005952616852801462,-0.010456282764649827,-0.0186882614577788,-0.010930771778734583,0.004877999559886687,0.006976392210185049,0.006778905005573107,0.7626754330509546,0.003550962693628501,0.005282192709096525,51.28059191804217,0.19015122702850107,0.29808627249354036,-0.10793504546503929,0.2834587444963507
EEMS,0,-0.012817452625407122,-0.03774828232354788,-0.014227668287688844,0.04375505467558516,-0.015291894030574738,-0.0225204204031767,0.02779271964572283,0.00965261879315574,0.009269574423729148,0.009205412335955744,0.5163408686694726,0.01217085939249561,0.007496917216053724,49.28821384730951,-0.04865885748834131,0.06518961600226182,-0.11384847349060313,0.9526072593995502
EEMS,0,0.010963510140760135,-0.013019645120405543,-0.008040991541832243,0.04375505467558516,-0.0018745433804586709,-0.011011584992595913,0.02779271964572283,0.011668982091690159,0.009918642597253606,0.009205412335955744,0.17980061713743176,0.00850746891563482,0.008095749402222494,54.873893408546245,-0.0688161346975491,0.03741109608132435,-0.10622723077887344,0.9526072593995502
EEMS,0,0.022506268238889682,0.00489509386338538,0.008026192733067372,0.04375505467558516,0.01957576244540804,0.010433269207341889,0.02779271964572283,0.01627786508084537,0.012255146888227868,0.009205412335955744,0.6144708423326134,0.007912050649682935,0.00854233369212122,63.272510118771095,0.0017904937107005026,0.030080641658402536,-0.028290147947702033,0.9526072593995502
EEMS,0,0.0016357850747954483,0.023451096763844825,0.002740841205655764,0.04375505467558516,0.01648630883136848,0.011806216301934569,0.02779271964572283,0.013078575755855963,0.01207808875162812,0.009205412335955744,0.7340008390886207,0.004545133963905354,0.007733110494927549,61.01807118610641,0.06206404088229078,0.036624680149735515,0.025439360732555268,0.9526072593995502
EEMS,0,0.008718820772829483,0.031048000166606027,0.007854780517137616,0.04375505467558516,0.01905591881094315,0.019816777520449858,0.02779271964572283,0.013013698777240732,0.012337310843574797,0.009205412335955744,0.9066565829335748,0.006214963145268417,0.007870095213397427,62.51895991332607,0.14253656086165023,0.05819564423539118,0.08434091662625906,0.9526072593995502
EEMS,0,-0.00035269915849400757,0.044066624907095786,0.004654903185508985,0.04375505467558516,0.010011243261029312,0.01897577715035359,0.02779271964572283,0.009049740455941303,0.012321606699961334,0.009205412335955744,1.375778829993663,0.005129153643020206,0.006461754063502347,60.7856088820181,0.20119057561264242,0.0872128119693827,0.11397776364325972,0.9526072593995502
EEMS,0,0.007956405302612213,0.04096105505456005,0.027408111533586688,0.04375505467558516,0.00995565539347476,0.02427670033486029,0.02779271964572283,0.008960720812357607,0.011302438217802137,0.009205412335955744,0.40975785150253763,0.005242868157285878,0.005808833911832558,61.44663212435227,0.2773380470694846,0.12568137128223336,0.15165667578725125,0.9526072593995502
EEMS,0,-0.006939090208172516,0.010984249681712743,0.015933112478308864,0.04375505467558516,0.0007664254674544235,0.015549097462278727,0.018481887904839622,0.006441830750833509,0.011685727583697523,0.009205412335955744,6.1310854621721145,0.007810559006211181,0.005788535583138207,55.309289014550764,0.30307596645144486,0.1614905718956758,0.14158539455576905,0.8069562494677202
EEMS,0,0.004037267080745144,0.013408145193520848,0.037173677667722504,0.04797406807131277,0.002142222362743418,0.01593634261659682,0.02020586668862978,0.006478311085108838,0.009788773036051024,0.009199201742130625,3.3346687599648583,0.007887411073306386,0.006456991005018413,55.49894251105554,0.3368311094441907,0.19681935984930476,0.14001174959488594,0.8438696027977615
EEMS,0,0.009743272502319877,0.01443735938645907,0.04593361068970103,0.04900385604113122,0.009000176486169797,0.021234130711399457,0.027673278598070672,0.006728263815707656,0.009921541110443258,0.009237894465239373,0.11237177973324024,0.005490886812681762,0.006312175738501083,58.08475409411947,0.40181755440563194,0.23806245502344536,0.16375509938218658,0.9471608872770915
EEMS,0,-0.020536069842242433,-0.006044629853850236,0.03775562861677373,0.02299078576913227,-0.010531358270421287,-0.003364912800741693,0.005431678726363964,0.012627657984583053,0.011583434637836641,0.010549051207489224,0.1818983779485491,0.007975080219924534,0.006881361053881948,55.08624285398828,0.35537249982251495,0.261635785890837,0.09373671393167793,0.5902831957776795
EEMS,0,0.006095463273973811,-0.007879722436391567,0.03275857087363665,0.024454167940487048,-0.0029233984072563057,-0.00046901320336623087,0.010340447152476617,0.012315815609743245,0.011347577381965545,0.01057877188784214,0.5184811029236986,0.0027821383608697997,0.006389215094598733,55.736773382338704,0.3421698729648526,0.27780368389735566,0.06436618906749692,0.6731719970086268
EEMS,0,0.006274576850743729,0.005321428571428477,0.016364130153233125,0.024521664548819322,0.0022682455835623117,0.004176449120203651,0.015444416029707142,0.012279876750963275,0.009262177071033571,0.010580413570998589,0.14933413739383888,0.004014352197236164,0.005629973732803729,65.73406403230459,0.3562287431868967,0.2935362445020731,0.06269249868482357,0.7533404722504483
EEMS,0,0.0019600665403205486,0.003241571296010104,0.016693179948122916,0.019479774509233883,0.003581479034810764,0.004485293730530193,0.01644673289567522,0.012191450489896071,0.009262637414581392,0.010498848090088995,0.39497864682387784,0.0019747308446483934,0.004447437687072131,65.94258610130183,0.37201492478455833,0.3092700224994924,0.0627449022850659,0.7618356563255856
EEMS,0,-0.00293511906964139,-0.009355184561188667,0.004947110663633625,0.012840749649228211,0.0025305374144746207,0.0010434629722320121,0.012812677289430363,0.011113056055969132,0.00901054478993143,0.010515919692299834,0.08721906096009349,0.001065257455256084,0.003562311815586995,71.63382594417071,0.3663734061538264,0.32071283284455937,0.04566057330926704,0.7004522895038606
EEMS,0,0.003673514823931079,0.015130760040782398,0.008994670343078104,0.01369144284821977,0.0032041682931673865,0.0038217309046824077,0.015835897172685076,0.003777053418509368,0.009056535175525742,0.010526624120998388,0.0801787067693167,0.002926823256845651,0.002552660422971218,69.75884341422181,0.37483879867866676,0.3315548031478098,0.04328399553085699,0.7416258169049719
EEMS,0,0.0023599438049934918,0.011361693529585493,0.0033924441017731954,0.030893536121672893,0.0033048773229660267,0.00584851367989514,0.01668205413210866,0.0033616902320536993,0.008741749725948472,0.009910304976345947,0.2190476818021081,0.005686184109420694,0.0031334695726813974,62.735471873547105,0.3882238145529868,0.3429026533870161,0.045321161165970736,0.7516151530466137
EEMS,0,0.005077608729061156,0.01015867425980077,0.015534161490683207,0.03171478151127949,0.006358175148337031,0.009394877645574562,0.020242008036150505,0.0030313025997036453,0.00844578181758622,0.009923418463958064,0.23268203255981573,0.005357765395930416,0.003402152212420248,64.23969877045525,0.4183444547214492,0.358005971255435,0.060338483466014226,0.7963902273071812
EEMS,0,0.006900569415477342,0.01513960314230367,0.01843025054129277,0.05628904840197291,0.010249200642738154,0.01449433885177287,0.02447809361450015,0.0037288959936511586,0.008585904822032055,0.009010912681914104,1.0116551493316008,0.005796357573152934,0.004166477558121156,63.5568407078036,0.47025991077418894,0.38047456060967394,0.089785350164515,0.8646910970685976
EEMS,0,-0.005037075732289287,0.012999542356739058,0.00352274467759206,0.04961816774987304,0.002574069137826207,0.009026723499881317,0.016867791123994946,0.004587164147875476,0.008347178679017225,0.00917553026462185,1.7596323668101306,0.005494505494505486,0.005052327165971036,60.17528453604694,0.48084246655490404,0.4005608730117064,0.08028159354319764,0.7666861218752731
EEMS,0,0.00679181929181949,0.01614682177802984,0.03152189550455686,0.07046765310129732,0.006155754405563485,0.012735923792025039,0.020335953714040844,0.004966743918126411,0.004161245041678395,0.008477794186089791,0.9765239362147148,0.0042446752065489445,0.005315897555911695,59.711190078037944,0.5167040243959065,0.42380128757873664,0.09290273681716982,0.8939276076748852
EEMS,0,-0.004775259607367466,0.008913477793146107,0.020376443525699894,0.053802517568726005,-0.00041749508430743987,0.005875292301384727,0.012838050127075507,0.00615743599558347,0.004683589932943721,0.00847360606754931,1.9054679777326882,0.0059405940594059485,0.005366779545908746,61.14916693424661,0.5152182895585327,0.4420921076127741,0.07312618194575854,0.8179742526248662
EEMS,0,0.007730388423457635,0.011576381795829871,0.021852656747401555,0.03857438661984314,0.004992644561259141,0.011458533678285976,0.018736701815386336,0.006609091035493453,0.0048498901769054425,0.007200479615751819,0.8626909657531927,0.006629633828364039,0.00562115323239547,62.79192933900529,0.5462880438324049,0.46293805975493907,0.08334998407746586,0.9581367283600866
EEMS,0,-0.0069153157238407426,-0.0023036611051800993,0.012801065522216826,0.029707935960629817,-0.0014969946123392086,0.0031903591116100305,0.010217496598011966,0.007087167032898073,0.0056410895846171994,0.00746712177905715,0.8034963073758998,0.0035007610350076706,0.005162033924766418,53.60864666948313,0.5297561161132336,0.47630514131937873,0.053450974793854855,0.7647232952737276
EEMS,0,-0.005022831050228271,-0.0022893772893771702,0.010680404210318128,0.015680352015512655,-0.006059131651170335,-0.002900237857942356,0.004364074832728937,0.007084860121919044,0.005849494738075044,0.007399003081400056,0.4948617624478545,0.0028438121462445115,0.004631895255114223,65.21199143468955,0.48570363956343954,0.4781852314476336,0.007518408115805952,0.6162601450847296
EEMS,0,-0.00994339911274289,-0.018873645114833693,-0.003031572720774811,0.005935829625058897,-0.012202474072604219,-0.012518374146290867,-0.005914364099684599,0.00676094975027795,0.0067011687366739965,0.007778974276665996,0.5982436882546651,0.004324783683559917,0.0046479169505164175,53.86394061092856,0.3961673548214151,0.4617789301580172,-0.06561157533660211,0.3373512879874877
EEMS,0,0.006597651421508033,-0.007661843107387711,0.0011833410173660575,0.00457979953739418,-0.004156291224707287,-0.0061200802585456016,0.00041607861682235736,0.00812093633744357,0.0070136087356891166,0.00771448204067533,1.131749649368864,0.0019494374261285299,0.003849685623860933,54.08095286161305,0.35415781358526033,0.4402518454030933,-0.08609403181783298,0.5115036936538099
EEMS,0,-0.009777886932629265,-0.024902694327929464,-0.013614595629384496,0.0017080745341615522,-0.008901603025991855,-0.014499431095315596,-0.009449538164100435,0.006808801454997125,0.007413535980733357,0.00787822836136968,0.5016205391256994,0.004441171911331414,0.0034119932404544084,46.70912951167728,0.2683918324022727,0.4058761873559652,-0.1374843549536925,0.2357557189081426
EEMS,0,-0.007130677414354469,-0.02511415525114169,-0.02735996185368028,-0.009433962264150941,-0.0109543942655429,-0.018826130015878184,-0.016052024348142346,0.006824512119306842,0.006995537798128254,0.007980706217932253,1.0813556986877002,0.007025761124121825,0.004116993258277239,44.512663085188066,0.16281220493947046,0.35725925500146277,-0.1944470500619923,0.0803463092087269
EEMS,0,-0.002654176424668142,-0.022793330273825907,-0.02503052503052494,-0.021595956501761382,-0.0090193511155513,-0.018965690674722202,-0.017599622787782487,0.006909028643961307,0.006949342803884446,0.007621214229357757,2.369916363404201,0.005948653725735794,0.004737961574175496,40.85004236091506,0.0651809373038077,0.2988396156272996,-0.2336586783234919,0.07721474922693804
EELV,0,-0.003705870879656792,-0.021830716200689437,-0.010844306738962084,0.023028883684621304,-0.007885638814435159,-0.01260265414262296,0.011888920010025839,0.0059507920692391,0.0054119749031573405,0.006432269525460513,0.592879119414424,0.007693813625685214,0.006763715993964638,46.923076923076835,-0.02135355760967883,0.007674386213313462,-0.029027943822992293,0.858484147462614
EELV,0,-0.01057165231010182,-0.022437137330754475,-0.023192887514495664,0.023028883684621304,-0.013930620049166897,-0.02076960456452337,0.011888920010025839,0.006098837863026114,0.006046476025628312,0.006432269525460513,2.4685719563118855,0.007914523149980186,0.007186079037887158,38.853503184713276,-0.050114205448039684,-0.004304812711244966,-0.04580939273679472,0.858484147462614
EELV,0,0.0167154728927581,-0.010689256834809369,-0.0072488408037094665,0.023028883684621304,0.004728705573552983,-0.003677015203655265,0.011888920010025839,0.011028025695318322,0.008548159792037085,0.006432269525460513,0.54279192611768,0.009084398499167054,0.007924791621817598,51.08030982470446,-0.04568930590498965,-0.012821432896833093,-0.03286787300815656,0.858484147462614
EELV,0,0.0022419081129050333,0.001166407465007735,-0.009996155324875078,0.023028883684621304,0.006744995988658742,-0.0004355383790052292,0.011888920010025839,0.010252684956033518,0.00838514953289121,0.006432269525460513,0.9816401907698928,0.004174757281553464,0.006787736857288488,50.259067357513,-0.03818315242828163,-0.018010627067796315,-0.020172525360485315,0.858484147462614
EELV,0,0.008543689320388292,0.013068070996684167,-0.004019206283461418,0.023028883684621304,0.012693569922260117,0.008514706761824975,0.011888920010025839,0.010582399125290244,0.008867507131680143,0.006432269525460513,0.8920923786479455,0.005775895263765829,0.006928677564030349,53.62318840579708,-0.018094937909058473,-0.018027798570338552,-6.713933871992095e-05,0.858484147462614
EELV,0,0.0,0.016836335160532512,-0.00536193029490617,0.023028883684621304,0.009308804188650877,0.009063307940321952,0.011888920010025839,0.010147248480653346,0.008848714198338737,0.006432269525460513,1.869332672490668,0.0061609549480169485,0.006622105828496696,52.47524752475243,-0.0024368618977952394,-0.014864016328549237,0.012427154430753998,0.858484147462614
EELV,0,0.005775895263765873,0.03363672338741597,0.010444874274661453,0.023028883684621304,0.0084755186004275,0.013827961313070292,0.011888920010025839,0.006506102741722063,0.008366281195608949,0.006432269525460513,0.7711644393351536,0.00805130168453293,0.006649461535407244,55.55555555555561,0.019438615952690697,-0.007923470830719752,0.02736208678341045,0.858484147462614
EELV,0,0.0034456355283307705,0.020146035403465712,0.009241432422025575,0.023028883684621304,0.007921858175665264,0.016374447702667938,0.014216443308164406,0.003286225552083862,0.00831794924206649,0.006432269525460513,1.2646167848978995,0.0038153376573827323,0.005595649367050381,54.71698113207547,0.04206156104438463,0.0021666000216507605,0.03989496102273387,0.9058487041797176
EELV,0,0.004196871423120863,0.022135922330097202,0.023328149300155587,0.0261208576998051,0.007734129718967697,0.018270843021478855,0.017154433181803652,0.0031374764666029084,0.007470147346226275,0.006468061073325131,0.6514792308181414,0.008358662613981719,0.006432430433536032,55.662294476260875,0.06645369823752745,0.01511959590484413,0.05133410233268332,0.9527528794967274
EELV,0,0.006458966565349389,0.02002310358105497,0.03335283791691035,0.029137529137529095,0.01022042559682701,0.021468971867764974,0.022242751974734576,0.0025270235059683894,0.007287122663636963,0.006553917145728835,0.46272231365079863,0.008305020762551863,0.0069382555332932385,58.260869565217384,0.09613258987986129,0.031418405892342086,0.0647141839875192,1.0177588872417154
EELV,0,-0.009437523593809005,0.010396611474778661,0.027407987470634332,0.016266460108443015,-0.0013700715481809178,0.009105019220681854,0.011775384322339821,0.006554275841113293,0.008082300206614934,0.006974502129637853,1.0472584109854177,0.008003048780487838,0.007306674299787416,58.515283842794716,0.10086212866324473,0.04537304938724333,0.0554890792760014,0.7663930753283423
EELV,0,0.0,0.004594180704440953,0.038385437277403955,0.014302280633938791,-0.0022813688212928174,0.005354740033041594,0.011054166533413623,0.006243411504047113,0.006725645007761492,0.006971776829449157,0.8344208653864458,0.004420731707317061,0.006580560304344242,56.22119815668202,0.10335402511162073,0.057013219852807995,0.046340805258812734,0.7439109882366196
EELV,0,-0.004573170731707266,-0.0034338038916443825,0.01664305397705168,0.009273570324574987,-0.0061639144661744805,-0.0008797766132425666,0.0059653126830581105,0.006462617673031415,0.005424604998802905,0.00707224720085532,1.482201225691995,0.003353751914241897,0.006488243155716075,59.80392156862753,0.09565663059086305,0.06476533131969112,0.03089129927117193,0.6309062748794645
EELV,0,0.0003828483920367276,-0.007218844984802519,0.01475728155339806,0.0046136101499423265,-0.004343850022862417,-0.0019479775409648736,0.006117951831862367,0.005949096524466375,0.005434492501329417,0.006991194415985669,0.739752602666052,0.0038844240336776857,0.005593395439655269,62.5954198473282,0.08925033032861052,0.06967420003775171,0.019576130290858806,0.6333100502602621
EELV,0,-0.003536165327210017,-0.01707814269535668,0.0026030034655373235,-0.0014266648258087766,-0.004432290567388031,-0.0057339764836701335,0.0026319589514522956,0.003990962406684554,0.005016205941869522,0.00701950157750294,1.2700269504626558,0.008833379420530326,0.005699067171250962,62.67835303709754,0.07660786343275205,0.07106362024629481,0.005544243186457243,0.5574553163370713
EELV,0,9.217439395325933e-05,-0.007621951219512146,0.0026954177897573484,-0.002680965147453085,-0.0028153998388574797,-0.005908051839375372,0.0028595361196961377,0.0023407732132274864,0.0050157366197824465,0.007011947980067756,0.5467957297145881,0.003452380952380956,0.004788933605629585,72.71654472504142,0.06602590692176591,0.07005451606830686,-0.0040286091465409485,0.562696249973577
EELV,0,-0.004608294930875445,-0.012195121951219412,-0.007656967840734996,0.0027079303675048294,-0.004972068583221523,-0.009733040532176718,-0.0018964737141040633,0.002491661885994004,0.0048228326787088886,0.006712179332000897,0.8759339708194154,0.004560185185185248,0.004816824301203223,58.172938810686745,0.04828305030270741,0.06569482588014416,-0.017411775577436756,0.4582686459150247
EELV,0,0.002700617283950546,-0.004977029096477903,-0.008393742846241947,0.0007701193685021313,-0.0012880655653040307,-0.006223434926179938,0.0007604855555876089,0.003010457411400697,0.0047559741610573554,0.006657709594107679,0.8041998694248433,0.0071181223547517785,0.005569698389305199,58.54214123006838,0.03898554993415715,0.06034767512933835,-0.0213621251951812,0.5167328346505121
EELV,0,0.004617160446325652,-0.0007654037504783995,-0.007978723404255317,0.01516329704510122,0.0034773892831228004,-0.0008327031933553775,0.004626824036399135,0.003945026849463186,0.004806940104562463,0.00632033669138545,0.8670701168614356,0.0061279203370356245,0.006018397649976787,55.36480686695287,0.040103244932737425,0.05629557868846474,-0.016192333755727317,0.6034776092706823
EELV,0,-0.0019149751053236796,0.0008602943435644939,-0.016232540581351484,0.016578896040569502,0.0013833384568089357,-0.001102390454739921,0.0018838183845295564,0.003652611094110698,0.004077855481915733,0.006280672578895742,0.30463124900629157,0.005368380660015244,0.00532539789787377,53.32152347209923,0.03681100890777955,0.052396193203152225,-0.015585184295372673,0.5439852079939628
EELV,0,-0.0019186492709131198,-0.0011520737327187502,-0.008765243902438935,0.018402505873140296,-0.00030747943731257443,-0.0021392048419075493,-0.0009410589794309754,0.0037730455965058743,0.0030386145012993747,0.00622504023677604,0.4768627723909256,0.0057400999615532565,0.00578294169970823,45.61683136754857,0.030089157114318255,0.04793252263551572,-0.017843365521197467,0.4760322448151073
EELV,0,-0.0007804690503653289,0.002689043209876507,-0.009538871951219496,0.028480411555203755,-0.0016226220558283044,-0.0019596224837014065,-0.0030987148877361648,0.002962557980701091,0.003023604929815282,0.005629364484147257,1.8218677316409138,0.002693374683047526,0.005409579599280686,40.70542570247217,0.02296621873922078,0.04293723552707231,-0.019971016787851528,0.3893055392218066
EELV,0,0.011554577390273879,0.011542901115813908,0.006508422664624813,0.02325979667138922,0.00759084989464176,0.008913669763252363,0.007265607205109825,0.005832411101138119,0.004709705057119482,0.004971140920668007,1.5940650036542148,0.008368200836820041,0.005659595295694339,48.90940817216804,0.03971272520575653,0.042292124112185844,-0.002579398906429317,0.7866112805711583
EELV,0,-0.006085964244960107,0.0007659900421295163,0.0,0.01475728155339806,0.0013051838715139041,0.002773457242821742,0.0004071691635689767,0.006677549237673034,0.005173265717016843,0.0052185530516241415,0.7411497193870404,0.0068656716417910876,0.005807145556645432,36.817049948732866,0.04027283074368171,0.041888160563551796,-0.0016153298198700872,0.5185395578363153
EELV,0,-0.0026789131266743427,0.0,0.0008602943435644939,0.0034655371582594796,-0.0013772257293661605,1.1511908877270827e-06,-0.0024446995113472925,0.006745600435721114,0.005114708091552007,0.004931391120534577,0.638151672388477,0.003069838833461178,0.0053474371913346174,42.407626117766085,0.034939455310503575,0.0404981308150583,-0.005558675504554723,0.38582791323920546
EELV,0,-0.0069071373752878085,-0.00499807766243765,-0.006144393241167445,-0.0034655371582594796,-0.0072857858514443485,-0.006295891141020471,-0.009164273327471717,0.007437129423109631,0.00557385961048865,0.0051805609913185965,0.6729999214885766,0.005761205564142084,0.005351658311852384,36.817049948732866,0.016661643102658275,0.035730041037775995,-0.01906839793511772,0.09111450037087779
EELV,0,-0.001352395672333806,-0.005567590237671061,-0.0028935185185186008,-0.010528330781010786,-0.007526592680772826,-0.007353915488543694,-0.009983101336628164,0.007437699595669439,0.005406427643878797,0.004992418392179986,0.7468805072903928,0.0030218610949894653,0.005417355594240772,39.261168384879554,-0.0005095092160694037,0.028481167446435366,-0.02899067666250477,0.08942169911724386
EELV,0,-0.0032888372992840864,-0.020159756561430098,-0.008849557522123797,-0.017169019458222023,-0.006747638326585759,-0.009743798116898628,-0.012387899221392717,0.002347546661573141,0.0053716059550882635,0.004937878805475789,2.3996245243439502,0.005819099378881941,0.004907535302653152,36.35089272539471,-0.02045935079983252,0.018692022836776196,-0.03915137363660871,0.03641418459011167
EELV,0,-0.0017468944099379158,-0.015882127822426262,-0.015128303332056614,-0.02298632218844987,-0.0052993965650625086,-0.009970366486139692,-0.012968439363578832,0.0022106172987252206,0.005013609001182155,0.004794680515036953,0.9587251947720403,0.00592261326074277,0.004718923626443487,37.66819571865432,-0.03930188124061473,0.007092255222203106,-0.04639413646281784,0.039045615392546244
EELV,0,0.00291658565039854,-0.010360706062931713,-0.010360706062931713,-0.026425066062665148,-0.00031010155826038943,-0.006049646644675666,-0.00875802069078313,0.0035485450361196734,0.005199804810705162,0.004558366648051492,0.7735327998125663,0.006603334625824002,0.005425622784916052,40.94596552223667,-0.04782295367235534,-0.003891534074672523,-0.04393141959768282,0.14580815851903453
TYLG,0,-0.00259817911717386,-0.002933138612366548,0.016311738233345086,0.052888064866374984,-0.0003021196566832529,0.0011539342040947087,0.03033798322164527,0.007758908295618913,0.006213153241365919,0.0060548043606431755,0.46642028800815594,0.0039707677332633685,0.0042689762138707794,70.46823853123944,0.06215607987120819,0.053061671494308446,0.009094408376899746,1.0161122555829816
TYLG,0,0.0017551720408510718,0.008382894540387209,0.009246201118883857,0.052888064866374984,-0.0002121807804920106,0.0019904864637649844,0.03033798322164527,0.005943050436049364,0.0056927397574604716,0.0060548043606431755,1.44248106743599,0.008905463889223239,0.004487335701514878,71.24312837806609,0.0624308479550848,0.05500384079375494,0.0074270071613298586,1.0161122555829816
TYLG,0,0.011860584916543848,0.008935079954355496,0.017443952308283883,0.052888064866374984,0.0098364450880577,0.012115344148467155,0.03033798322164527,0.006168093917319262,0.006639048767800871,0.0060548043606431755,0.8250131371518654,0.0036551757776773362,0.005175925382568369,71.35428650315195,0.08517445047490924,0.06121272734986378,0.023961723125045457,1.0161122555829816
TYLG,0,0.004115502335166665,0.016975422996171607,0.019632486781659075,0.052888064866374984,0.010571517283952447,0.014295937987704344,0.03033798322164527,0.0053241238073064795,0.006681457185276496,0.0060548043606431755,2.4674377409607167,0.0043172282301791685,0.00461909191288235,72.63375390161323,0.10981702432187745,0.07115752364879727,0.03865950067308019,1.0161122555829816
TYLG,0,0.005543782523422802,0.020791597063410272,0.026556242948710063,0.052888064866374984,0.011984786190241126,0.017235046026872647,0.03033798322164527,0.005307282546302039,0.006664235222144151,0.0060548043606431755,1.8202659330582303,0.006642431854687712,0.005498213497006165,76.72813950570801,0.13885401933785602,0.08494519947343357,0.05390881986442245,1.0161122555829816
TYLG,0,-0.0003321215927342136,0.023110795235078863,0.020109869456845564,0.052888064866374984,0.007046104750509263,0.014862751961638665,0.03033798322164527,0.0046438070231109695,0.006611578909622035,0.0060548043606431755,1.3592394929953302,0.005152615269379702,0.0057345830042294325,73.27021807733972,0.1587746777619614,0.09992700571354003,0.05884767204842138,1.0161122555829816
TYLG,0,0.008487015771955875,0.029986149798107764,0.03862041506992475,0.052888064866374984,0.009622594955999375,0.019595604951284873,0.03033798322164527,0.00459254224304929,0.005485328121908767,0.0060548043606431755,0.4286770140428677,0.0036058268244763916,0.004674655591280062,75.16411378555792,0.19052929852104228,0.118258815654028,0.07227048286701428,1.0161122555829816
TYLG,0,-0.00676541760506022,0.011026497737997909,0.020060100331259045,0.052888064866374984,0.0006034183650378555,0.010684804514185853,0.02074373990571088,0.005940674943448102,0.005713302100146143,0.0060548043606431755,0.892054689740893,0.008005548101132324,0.005544730055971059,67.58589696449712,0.19783482694442256,0.13432217626316717,0.06351265068125539,0.871030134930273
TYLG,0,0.0053400473397759995,0.012259470881479606,0.029443003581573368,0.046020825294041945,0.003501552734274993,0.013137643671611965,0.023883217811642155,0.006062867244828019,0.005401395351390337,0.005687521995508348,1.1201445347786811,0.0027473186649710777,0.005230748142929441,70.85267718972459,0.21301277955539177,0.15017728698954402,0.06283549256584775,0.9157344360732584
TYLG,0,0.007567123353408256,0.014296324923612103,0.035385165414321795,0.05283297971361489,0.008221498465184052,0.01725529810689541,0.028967635542094694,0.006379836472355925,0.005573239240197858,0.005799651383739746,0.8324855883350288,0.0002976730894596344,0.003961796389883826,71.50529500756431,0.2393994495230345,0.16812767991361585,0.07127176960941864,0.9782014001117619
TYLG,0,-0.00444128249473863,0.010127033410451292,0.0334718724410179,0.050329595095800705,0.0017276174992555404,0.00942642816483441,0.02188962515304027,0.0071159291036079885,0.005822138515015373,0.005922997672611401,2.5225696715949235,0.004643486112896931,0.003859970558587272,76.07129923952833,0.24681067050639172,0.18393894461866594,0.06287172588772577,0.8679796395279259
TYLG,0,0.0033757217137544426,0.005007427284488886,0.035143730547252616,0.04471487766684423,0.0041034743387733386,0.009363144360983178,0.023094285826219085,0.0062752545451673905,0.00579645512506147,0.005741385881939422,0.20649377737606897,0.0,0.003138805193691993,73.38792679106805,0.2575190205901521,0.19871076617697747,0.05880825441317461,0.8800630551418653
TYLG,0,0.00287267265835478,0.01475975817515729,0.025949004353287064,0.0438456098559572,0.004046737370205555,0.009677652593963249,0.023827085358624878,0.004523499049750167,0.004992864400192426,0.005732913083485039,1.2998102466793169,0.0026386165091816455,0.0020654188753018573,78.68406742795008,0.2696058814685216,0.21293277261225213,0.05667310885626947,0.8804335862956408
TYLG,0,-0.0009954240209189003,0.008364925498476339,0.02072694594053015,0.04076635421439079,0.0013808246465880636,0.006610837821896753,0.020763204978773153,0.004571216054231855,0.005078650423086,0.005776358772541739,0.36208503620850363,0.0014723159976800426,0.0018104183418436507,76.91179839633446,0.2734983074625461,0.22507523826278833,0.04842306919975778,0.8272209052079255
TYLG,0,-0.0021177555360567535,-0.0013276219789900567,0.012949722829434629,0.03984986176372152,-0.00047430048127183877,0.00319084137921144,0.01661726652124651,0.0033356907239739616,0.005073471915010638,0.005805707931484382,0.372635814889336,0.0035976905628433186,0.0024704218365203872,77.37623305983224,0.26825447779557976,0.23372782270172196,0.0345266550938578,0.7665434901203482
TYLG,0,-0.0003010495002876423,0.002825559804692679,0.012981207753689272,0.033352127603853754,-0.0013375369073239662,0.001601585399322758,0.014647085588158193,0.0024293844373597007,0.005072371306679271,0.005746858541832633,0.31404217137729923,0.0,0.0015417246139410013,76.40269468130207,0.2603153764724624,0.23905357465785232,0.02126180181461007,0.7368635114987597
TYLG,0,0.006368667111916748,0.005816864138078914,0.01085341894676306,0.0498929975613398,0.0038556756711742857,0.006890737701812588,0.018637559287332905,0.003449185172822811,0.004774459593590859,0.005195856715176273,1.0887702319372603,0.003258988883885172,0.002193522390718036,74.33650988830823,0.26661008008065323,0.24457170685920665,0.022038373221446583,0.8172948365008232
TYLG,0,-0.00011258325235230515,0.0028228442384263808,0.01762426691190888,0.03803791180568572,0.0031757770606881675,0.0050249759829139595,0.016625711753219363,0.0033363062030182665,0.003950631244143079,0.0047823646677328255,0.6496912274765249,0.0041186405523127466,0.0024895271993442556,72.27836976820828,0.26815953857268227,0.24929394988487516,0.018865588687807106,0.786381676301916
TYLG,0,0.005120151708198684,0.008961794143454105,0.017401684382273075,0.047357045819439225,0.006509324849669262,0.008428492776681784,0.019475854325472275,0.003718768487455697,0.003929016008323633,0.0046370187186932635,1.7290705854764326,0.003242752448278082,0.002843614489463864,72.1283410647228,0.27898795062795756,0.2552374589665259,0.023750491661431672,0.8460811595708666
TYLG,0,-0.0012322459303455435,0.009857135618328794,0.008516427089442002,0.0442029476850625,0.003300111109268533,0.006329958009189562,0.016029911104880057,0.0035007469207278476,0.0034312013439695755,0.004704152895162211,1.702262189124631,0.002367178276269121,0.002597512032149024,70.9220243266725,0.2811333289382105,0.26041991773434664,0.020713411203863885,0.8010831052193134
TYLG,0,-0.004158795749704902,0.005960189867379118,0.00880259054498933,0.042569102173879436,-0.0020539189210773134,0.0012692776928524552,0.009718727175790143,0.004428262984286395,0.0033835974497345035,0.004799482475166486,1.5680857978550538,0.004176163560972344,0.0034327447443434933,60.2468410226271,0.26907527109995755,0.2621518666098815,0.006923404490076057,0.7101889037333331
TYLG,0,-0.006013794084608004,-0.006417245384086612,-0.0006377094905476444,0.03448360956620178,-0.006782719022710326,-0.004688938953570476,0.001970406555074966,0.004272685166036808,0.0038809278578425203,0.005131550951379982,0.46821680818982625,0.001824893696960284,0.0031459257069585155,61.07238605898136,0.2413581769851021,0.2579914410158051,-0.016633264030703032,0.5536430637999846
TYLG,0,0.003736261114854811,-0.0025926694124271954,0.00022285612408601274,0.0261776433719072,-0.0025548392602523506,-0.0009924338787962173,0.0044255716071150974,0.004843976675939131,0.003962122128986027,0.004577283826210837,0.5127743792731199,0.003903569359654184,0.0031029114684268033,59.83279031167389,0.2263208956847862,0.2516552757464124,-0.025334380061626194,0.6391488361507074
TYLG,0,0.003844154300907787,-0.0038588754134508685,0.005068336282922692,0.025900333355597382,0.0020568455651786,0.002341007558737118,0.007005039957277193,0.004494209124507814,0.004115636714141044,0.004568902528416925,1.0944187998321444,0.003459511288542214,0.0031462632364796296,56.5500731480251,0.22172637837788045,0.24566794187196267,-0.02394156349408222,0.7489399997173875
TYLG,0,0.0020922792822919423,-0.0005430932703659463,0.009308689003943549,0.02237895677588453,0.00426302262361844,0.0035085577216869,0.00799871401397323,0.004650970983382149,0.00403105258537102,0.004463717741229503,0.6292447426560839,0.0032012663311832886,0.003313080847462463,64.6249912299167,0.2209443304256382,0.24072219239071801,-0.0197778619650798,0.8027863448198578
TYLG,0,0.0052685047369289695,0.008918435880032272,0.01493178131857631,0.028106821627694734,0.007755334530955782,0.007300561738735611,0.011907752301391294,0.004502720016828678,0.0042216592743836495,0.0045430166389262274,1.9979777553083924,0.002902467685076505,0.003058341672283295,66.1792326267776,0.2313751663681245,0.23885247652636543,-0.007477310158240935,0.9712480823194215
TYLG,0,-0.00022326674500572352,0.014795951837119237,0.008283757199402775,0.019227083233504416,0.004578880004534103,0.0062431163839302695,0.010717362709683709,0.0020975154154258997,0.0038759486993934877,0.004234566313711422,1.035579407672431,0.007566319154687894,0.004206626763828817,63.495007132667716,0.23630298042887432,0.23834250952062508,-0.002039529091750758,0.9078220306740877
TYLG,0,0.0013604682596584095,0.012393981254549047,0.009769178346024976,0.027565619864614366,0.0034740135073696443,0.0066307834001195776,0.01072033179465448,0.0021416895101789885,0.0038640316015495523,0.0038241394325350853,1.246027866047421,0.005281891621452688,0.004482291216188518,66.19310149844519,0.24099787939489659,0.23887363997495697,0.002124239419939611,0.9412876036272365
TYLG,0,-0.005196794478662503,0.0032760299370540036,-0.0005954872677745859,0.016795834633011042,-0.0023912054488645085,0.0014592847732202152,0.0046335423899785955,0.0038360981823973967,0.004010149532643411,0.003971041424407503,0.6778209604110401,0.01086674375250729,0.005963737708981533,61.58348129151065,0.2282969801327681,0.23675812803866694,-0.00846114790589883,0.7075555504962378
TYLG,0,-0.014657125327418252,-0.013493160394074888,-0.01402892561983482,-0.005631974852577382,-0.014362901826653895,-0.011831797204350902,-0.009813912706331362,0.007670152707795759,0.006133849521599997,0.004972841993798076,0.3930722891566265,0.007457034489158668,0.0068148913405766095,46.65006226650052,0.1774358153333182,0.22489285798916187,-0.04745704265584366,0.08756022567574898
TYO,0,0.0014326647564468775,0.007204610951008661,-0.0007147962830592602,-0.04667609618104673,-0.0034259904790826523,-0.007950587707670431,-0.03738052563333527,0.010630465022529085,0.01278369445875769,0.01190761748995604,1.4937717199981948,0.012153075822603731,0.012240825739488191,45.62267454585247,-0.019255286000293026,-0.009179097780931804,-0.010076188219361222,0.048778158182562065
TYO,0,-0.012875536480686622,-0.018143009605122606,-0.03866248693834895,-0.04667609618104673,-0.012667900116333453,-0.01685173126710726,-0.03738052563333527,0.01005608212925102,0.009452726200459085,0.01190761748995604,1.3738621370203234,0.008260869565217446,0.01087058769949005,41.53217772464634,-0.03174103011032692,-0.013856039504656126,-0.01788499060567079,0.048778158182562065
TYO,0,-0.018115942028985477,-0.04434789968121422,-0.050794740492185686,-0.04667609618104673,-0.021752470887209108,-0.029649750107955786,-0.03738052563333527,0.008880843274704614,0.010476853234242443,0.01190761748995604,1.812831077104179,0.016974169741697447,0.01214253395634649,35.5046204022468,-0.05597860287313772,-0.0225245490300295,-0.03345405384310822,0.048778158182562065
TYO,0,0.0,-0.02982135825009835,-0.04644616467276563,-0.04667609618104673,-0.015833817547937223,-0.025041678568833103,-0.03738052563333527,0.008887424340691988,0.010603850588360606,0.01190761748995604,0.31545194557587314,0.009254612546125392,0.011248316308767775,41.08827846508701,-0.0737684409309356,-0.03300942584683671,-0.04075901508409889,0.048778158182562065
TYO,0,-0.009107011070110693,-0.03820916905444127,-0.045049786628734045,-0.04667609618104673,-0.0171813558279873,-0.02949758903162991,-0.03738052563333527,0.008365819929103754,0.010524452447942492,0.01190761748995604,0.17001859411400116,0.00796180715892343,0.01092090696691349,35.41170378042466,-0.0942673365479667,-0.04548576167256552,-0.04878157487540119,0.048778158182562065
TYO,0,0.009190710976717975,-0.030758226037196024,-0.02377521613832856,-0.04667609618104673,-0.0018651494034762628,-0.018236172526697958,-0.03738052563333527,0.010843378838218776,0.010899397936686291,0.01190761748995604,0.6466939976873751,0.0029225092250922567,0.009074793647411194,26.174973363324256,-0.10095837548663766,-0.05674251129426535,-0.04421586419237231,0.048778158182562065
TYO,0,-0.011070110701107083,-0.02898550724637683,-0.04660263251511909,-0.04667609618104673,-0.007063189313035956,-0.024474763380529674,-0.03738052563333527,0.01059188530725865,0.009805983337860417,0.01190761748995604,0.926760684311074,0.011194029850746162,0.009661425704516937,25.13213981244671,-0.11467483756933916,-0.06846411746753708,-0.04621072010180208,0.048778158182562065
TYO,0,0.005970149253731405,-0.005166051660516646,-0.04928484780094222,-0.04667609618104673,-9.791326071939555e-05,-0.013632794807084014,-0.02933245003546403,0.008952154432959136,0.009403840235337559,0.01190761748995604,1.3476334569188984,0.011127596439169034,0.008492111044011255,29.429666366095574,-0.11860538039995205,-0.07858572540968166,-0.040019654990270395,0.159855594726122
TYO,0,0.004451038575667532,-0.0007380073800739018,-0.030537357247699903,-0.04580690627202255,0.004501710768792355,-0.006140787424231187,-0.022724894170633614,0.009291726170864364,0.009116975354737539,0.011933030485343932,1.1523725608609134,0.00737813884785832,0.00811681630435784,34.56423652339106,-0.11621064497411204,-0.08616664664813925,-0.030043998325972793,0.2377046589632245
TYO,0,0.011816838995568624,0.020362563865758965,-0.018624641833810962,-0.01367890568754504,0.012265405645041971,0.007526294965457314,-0.010498109473577766,0.008933278934262458,0.010260768083151343,0.011456570852755718,1.193733691823837,0.005109489051094911,0.007546352682792137,44.59264599855799,-0.10210564408802014,-0.08937337532112162,-0.012732268766898522,0.37964592237825845
TYO,0,0.012839416058394226,0.02405166051660501,-0.007446351931330475,-0.008155825589706955,0.020348285705461544,0.0212441811256876,0.002619648119586815,0.009581488223582414,0.011250195376513386,0.011725589440086335,1.3745850039898726,0.008684121390324347,0.008698675115838555,44.622590524229864,-0.07785284631674472,-0.08705833706116084,0.009205490744416123,0.5302007085763848
TYO,0,0.004136668612486405,0.03979850746268654,0.009659420289855003,-0.029376523859282577,0.016595845274715026,0.024463662579095935,0.008303325382673643,0.004168495958059104,0.010461418542898915,0.010024991802342216,0.6150216942583934,0.0050239354639604605,0.007464656238481415,42.322846957283076,-0.05408796234338631,-0.08043925593612411,0.0263512935927378,0.6039929520111449
TYO,0,-0.014590943997473627,0.0185459940652819,0.013284132841328455,-0.038185371731196294,-0.0018784748877568314,0.008181469727387203,-0.004445192097484507,0.011008186601227366,0.009782685643023573,0.010415892501667877,0.45106937793044655,0.011828113619810624,0.007604759674609732,42.56242530976792,-0.04922935283783758,-0.07417835289812495,0.02494900006028737,0.43976789498222685
TYO,0,-0.0007283321194464509,0.013293943870014813,0.012546125461254665,-0.03448275862068961,-0.005208877133145218,0.006191155785086,-0.003399844771535654,0.011166004148005624,0.009796667710122851,0.010399478346010543,0.5571398590175672,0.00692419825072878,0.007513971555183824,42.4689343542111,-0.04557737766054437,-0.06844429374628913,0.02286691608574476,0.45017611619308123
TYO,0,0.016763848396501357,0.018248175182481674,0.03898231868082758,-0.007823613086771042,0.007813990047566,0.019146809741728443,0.013711998971027706,0.012334415662155136,0.010155133905823725,0.010954655815381844,1.7265377562927156,0.008602150537634353,0.008212503852491714,49.168237773095235,-0.025752526740468795,-0.05988939276002659,0.034136866019557795,0.7061470071415827
TYO,0,0.0021505376344086446,0.007502216072470924,0.031734317343173446,0.007204610951008661,0.008464464972811836,0.018140080926842383,0.01552304703404439,0.011227571943262623,0.009988563003974752,0.010562264431991956,0.992118404428133,0.006902718168812639,0.007856223208189371,55.44332889802831,-0.007822448169035212,-0.04945986492921256,0.04163741676017735,0.7296545948004891
TYO,0,0.012875536480686733,0.01627037385256913,0.05671641791044779,0.007470651013874008,0.018119068162208762,0.025572683842594923,0.028206328188791874,0.012355166335639899,0.009017467588676985,0.01057867562228999,1.1180990268921,0.016242937853107375,0.010100023686018755,69.26234684855376,0.019339080039799228,-0.03568302102873082,0.05502210106853005,0.9037298680612464
TYO,0,-0.007422316384180783,0.023663510560815615,0.04264836795252225,-0.008738398171918682,0.005862743666705361,0.013739495586180928,0.02103395770252292,0.009940938812578357,0.009902278197719086,0.010524168153083794,0.6541441309750037,0.010017858540437888,0.009737972670144207,64.95114006514657,0.03264224767640833,-0.022004420658038783,0.05464666833444712,0.8134947833311843
TYO,0,-0.000348632861137288,0.02405247813411071,0.037666174298375266,0.005978591629971719,0.0007849573117135744,0.009672011101361733,0.020368516438645345,0.009890158932859537,0.010006109016491623,0.00994969303649051,0.6608056656343312,0.006562277580071179,0.009665588536012687,69.85350318471342,0.04229830375722443,-0.0091336785224902,0.05143198227971463,0.7978149252258121
TYO,0,-0.006405693950177871,0.0007168458781363629,0.018978102189781243,0.0,-0.005767403699741824,0.0013334375791258513,0.01383234800594213,0.00816249327055093,0.010032897127268623,0.010063179620538912,0.915492138126884,0.007156160458452713,0.009376390520176359,63.341142782767186,0.04269237064258924,0.0012381052094623077,0.041454265433126934,0.7022474095988231
TYO,0,-0.011461318051575908,-0.012875536480686622,-0.005469915464942687,-0.012875536480686622,-0.014636222258082365,-0.009603970770398984,0.0028679844206640492,0.009497507493066734,0.01003906435519046,0.010377917319386021,1.712383979363873,0.007355072463768094,0.009466861379167451,62.93159187896033,0.030593967329751948,0.007112256181922663,0.023481711147829286,0.5428311311958826
TYO,0,-0.006297101449275311,-0.031560734463276785,-0.015803865559486874,-0.006297101449275311,-0.014552013567507016,-0.014282839028738059,-0.0031324080286765366,0.0039777786709421295,0.010045467195627253,0.010067878149651342,0.28847537288379455,0.00560048420853056,0.007338370650252087,57.50241390408757,0.014275853055716325,0.008545556972555811,0.005730296083160514,0.4532419820779716
TYO,0,0.011806229080222552,-0.012799806473187236,0.01056081573197365,0.023985239852398532,-0.0003328621388769548,-0.0036836776458930576,0.00744675598514144,0.008934003680581993,0.009699120229552634,0.009482200569982967,0.8040652654867257,0.006601801801801907,0.0066551593025248905,60.11840038661355,0.013522044216081497,0.009541177518600544,0.003980866697480953,0.6131965829172307
TYO,0,0.004684684684684637,-0.007829181494662052,0.0160349854227404,0.02878228782287806,0.005944743758307558,-0.0005950545944667374,0.010735255518802722,0.009507969422150311,0.009737135602330527,0.009508083375552086,0.8881382212869642,0.007173601147776158,0.006777424016065886,57.69033581133045,0.01768626734420664,0.01117061851078901,0.006515648833417631,0.6659024971528602
TYO,0,-0.0064562410329985775,-0.007879656160458492,-0.007168458781361964,0.031534416754800176,0.0010393462670990061,-0.006335062382069712,0.0026706512870744437,0.009514468052359528,0.008406052927719338,0.009370470957699427,1.1994269683041843,0.010108303249097514,0.007367852574194847,49.12173618175652,0.013915954336420455,0.011719799736393399,0.0021961546000270563,0.544756683168754
TYO,0,0.007942238267148127,0.011594202898550732,-0.0014306151645206988,0.030258302583025865,0.006661561248433534,0.001700594849422199,0.009136443777148395,0.008343641427706638,0.008812984645501738,0.00932123802442542,1.441398646769858,0.007106017191977185,0.007318041519836666,50.87420601139421,0.019179183591079507,0.013211924429069958,0.005967259162009549,0.6589644015289413
TYO,0,-0.018624641833810962,-0.0009552909261947296,-0.03248587570621475,0.02238805970149249,-0.011900468806346987,-0.013700208058861296,-0.01073104087702692,0.012378296379639858,0.009274034787576279,0.009988045534233743,1.297194218671876,0.013131386861313866,0.008824222050393325,49.0529107210506,0.0032169787305793562,0.011212669542815286,-0.00799569081223593,0.2866240688490759
TYO,0,0.008759124087591275,-0.0039639639639639235,-0.016713032465545785,0.02522255192878342,-0.0024541648621335677,-0.0033756862609353178,-0.003289433353455107,0.011700188496607032,0.009859932221182857,0.010077874651151942,0.8220723313151777,0.0072358900144717546,0.008951039692927296,52.951942378084766,-0.00011852886475693936,0.008946188847733497,-0.009064717712490436,0.42465768064517306
TYO,0,0.0007235890014472002,-0.00789096126255373,-0.015658362989323882,0.021418020679468297,-0.00014459224985530206,-0.0010697149328882105,-0.003610201936439905,0.011370605291406379,0.00988134391849951,0.010050858700822323,0.36469495642234606,0.008300795372378806,0.009176478537847827,45.92889130139778,-0.0019597659148153923,0.006764812324232079,-0.008724578239047471,0.40439501379328746
TYO,0,-0.033261026753434675,-0.034657039711191384,-0.04226361031518633,-0.024087591240875894,-0.026645311589982623,-0.030162174003558917,-0.03560472344504784,0.018411884492302966,0.01410113049234121,0.012321015958265914,1.6370587653669952,0.011136873597606668,0.009382192607549656,33.97940960184893,-0.03883547656881525,-0.0023558661755909557,-0.036479610393224296,-0.22625711686798472
EDOG,0,-0.03195369345502708,-0.0464700625558534,-0.032668954294288066,0.013042090382598515,-0.029347898269837747,-0.03609842997869406,0.004001613729787579,0.013986540283208667,0.011462069470213812,0.009815933028857733,0.8616684266103485,0.004217432052483592,0.002624795423163811,33.606101091071125,-0.04366788453267745,0.0052941473089332895,-0.048962031841610736,0.5756852635941746
EDOG,0,0.00183223992502346,-0.03496917007465983,-0.03435893729843986,0.013042090382598515,-0.020667623136304103,-0.031002868134697215,0.004001613729787579,0.014827846994203748,0.011358734082672144,0.009815933028857733,2.352013458101146,0.006506354336712147,0.003689538019961238,35.020430400435984,-0.0779443020746804,-0.011960641476738736,-0.06598366059794165,0.5756852635941746
EDOG,0,0.013845297510185262,-0.027149910233393193,-0.0241188971131161,0.013042090382598515,-0.0015753617113404284,-0.015195676422280147,0.004001613729787579,0.0168787919578527,0.012491256058745967,0.009815933028857733,4.284489533471458,0.005536306637570345,0.00416843309971947,42.26170305465458,-0.08502105874955035,-0.026995930699687816,-0.05802512804986253,0.5756852635941746
EDOG,0,0.004959608029490026,-0.014714197187430833,-0.024457312785787,0.013042090382598515,0.006392462844618141,-0.007849714005139674,0.004001613729787579,0.0173829731901385,0.01246791857800847,0.009815933028857733,3.838508140855736,0.004251099501436806,0.004102238505640577,44.21421889616459,-0.08271037850250096,-0.03839551610312595,-0.04431486239937501,0.5756852635941746
EDOG,0,0.010898607145152672,-0.001106857070276357,-0.017249458862383715,0.013042090382598515,0.017590169025331504,0.004732096536411934,0.004001613729787579,0.018435226512757946,0.013063115040474187,0.009815933028857733,0.5790826681098633,0.002270663033605845,0.004556371112361747,49.132085128161364,-0.06495736305257083,-0.043805340220532084,-0.021152022832038743,0.5756852635941746
EDOG,0,-0.0072661217075385975,0.024367385192127333,-0.0232350312779267,0.013042090382598515,0.0053643963030551856,-0.00019621035030181755,0.004001613729787579,0.008267711951332288,0.013179508395479909,0.009815933028857733,0.30305856023871686,0.001372369624885688,0.003987358626842167,44.23235488126647,-0.06078772183549219,-0.04725148066129981,-0.01353624117419238,0.5756852635941746
EDOG,0,0.010942360475754809,0.03368242816582545,-0.002464588467892659,0.013042090382598515,0.009677722961816349,0.010996471448837752,0.004001613729787579,0.008437414128345554,0.013466396845853459,0.009815933028857733,1.773486875266566,0.005882565884737864,0.0038626009364473093,47.84871616932688,-0.04124834434544766,-0.04603684965606845,0.0047885053106207845,0.5756852635941746
EDOG,0,0.005240008688097264,0.024908766280201666,-0.002917414721723577,0.013042090382598515,0.009985742447498058,0.016596399560138586,0.00860732735175973,0.00742650688886581,0.013445077453581129,0.009815933028857733,0.8378136200716846,0.005176682421787011,0.003790676093290643,47.80645908091211,-0.017996065423321994,-0.04037648516192548,0.022380419738603483,0.6613675238076805
EDOG,0,0.009142471303173583,0.029174662345174518,0.014031183423120153,0.019245458017349337,0.013363794080766711,0.02443638656787006,0.01685136269404075,0.0076591210825015825,0.013455600236392994,0.009986474259910087,1.3508218495766229,0.00794447343887308,0.004529350880777898,50.213470739786494,0.01384371919364824,-0.029451834597588728,0.043295553791236965,0.8031638668435077
EDOG,0,0.006360931568687889,0.024554950045413415,0.023420914155068973,0.0240898774398548,0.014848901963959715,0.02852612585012615,0.022089310437310328,0.007154925506640077,0.013440786748874566,0.010057978205303587,0.07219021127226968,0.0022472706963879256,0.004524672413334313,53.18908616003674,0.04806081270831797,-0.013857250962566974,0.06191806367088494,0.8726176839642963
EDOG,0,-0.018186492440394164,0.013284537968893062,0.037975632614807964,0.004066054114330031,-0.006204046179495659,0.0061037371877388225,0.003297232648197257,0.011890558998104032,0.009721464587407642,0.010955105645792567,0.2362675705313528,0.0036116729268996627,0.00497253307373711,49.94365637014452,0.04586234546517787,-0.0018566604907994879,0.047719005955977355,0.5555573508157063
EDOG,0,0.0007855388616007097,0.0031041847668693556,0.03689116941311843,0.001264690737946994,-0.006035224908529924,0.003299858021470037,0.00402169391238405,0.010961695768888191,0.00975032093559001,0.010928235069815167,3.8636413701949555,0.0017818637844080293,0.004152392653671141,48.07110438729195,0.04482287419336828,0.007514650257055043,0.03730822393631324,0.567698438429094
EDOG,0,0.0003202843764380514,-0.0018050866531622578,0.023058717145480356,-0.0016163307940280092,-0.005359198147694477,0.001356070277224397,0.004424925069789198,0.010665561855861249,0.009098658136793017,0.010904363200705897,0.2036452246562399,0.0007981997664024562,0.003276696122594231,51.22111248815339,0.04398694695342087,0.014831222579306826,0.029155724374114043,0.5746307331923911
EDOG,0,0.0016279667552050459,-0.00923807102296803,0.019667073719390693,-0.005271242839932633,-0.0018855918493539958,0.0010496802058435062,0.006328346848229582,0.009461075881020093,0.009052131406054778,0.010840513683238592,0.35565167763059086,0.0017783980910358274,0.0020434810530267802,53.06701030927834,0.045380489454743156,0.020955884478206066,0.02442460497653709,0.6079334944357327
EDOG,0,0.002930980144973283,-0.012614856808521036,0.01163033605812891,-0.005819739807645163,0.0036069497081461233,0.0028262321886147745,0.009576110008676642,0.00882256163414433,0.008515271982064728,0.010831297128110848,0.5878374404516851,0.0017956464551694034,0.001953156204783076,72.53816150623587,0.050593100949207326,0.026894815335372933,0.023698285613834393,0.6662840862521666
EDOG,0,-0.0026530676375129403,0.003006717711643958,0.016331198536138958,-0.007283288650580921,0.00034399910668314604,-0.0014391645115157115,0.00726968799212746,0.0020727560909224556,0.008122162901119829,0.010843048457618814,0.39507026030868464,0.0018004230994283273,0.0015909062392888088,69.98139934182282,0.04981147136748021,0.03148524989521857,0.018326221472261636,0.6288183468582562
EDOG,0,-0.0043300175541252095,-0.002120192351067751,0.0009774109470026549,-0.0014895864366384348,-0.0035657721905804074,-0.0058594645317685545,0.002983223082470232,0.003010235958241942,0.0076000541660560346,0.010643398889161907,3.034097209388283,0.002296481139922555,0.0016938297103917138,61.74811534609096,0.041636143882069376,0.03351794504730517,0.00811819883476421,0.5529359522601796
EDOG,0,0.004407616361072009,0.001957167788806169,0.00014854827819044125,-0.0027692998204669195,0.00043496585112823283,-0.0014924829820539554,0.007544921258556991,0.0037305825687952024,0.007542131396977714,0.010610814578218981,0.2720894956389837,0.006449638361170746,0.002824117429345372,61.54539191266099,0.041899452368966195,0.035195908285939416,0.006703544083026779,0.6347523298009444
EDOG,0,0.005477466772885409,0.00580793300616822,-0.0034837921144075246,0.010498509582547388,0.00474758977514167,0.004329315716360194,0.01253086258882008,0.004387580827733113,0.007128394727771822,0.010520791117443584,0.1676381080105225,0.007162041181736801,0.003900846047485566,59.03342366757002,0.050578861889153615,0.038274938465616866,0.012303923423536749,0.7192943106405391
EDOG,0,0.0010519247985674163,0.003923487504545076,-0.008740863537035737,0.014475331603491126,0.005014398757500427,0.006277903417839514,0.012863527583077072,0.004277773629949495,0.006763401938439381,0.010489653633978111,0.11105696478493934,0.0025309097413196992,0.0040478987047156256,65.40037927448459,0.05851872396085156,0.042326263396904235,0.016192460563947325,0.7203978946524848
EDOG,0,0.008822411518769613,0.015474636539586806,0.018527882114995675,0.05720712277413309,0.010757736771460413,0.013284515351883908,0.01898239065749152,0.004987659232068977,0.0038313353567202635,0.007259665946680204,0.05533761138967551,0.0009219531222297641,0.003872204709275913,64.49020592667003,0.07874264446365942,0.049613234543594446,0.02912940992006497,0.8640845584796574
EDOG,0,0.0002260558136235602,0.020121333767314065,0.017958480318299497,0.055512159071242406,0.0069701959419359305,0.011704639757397661,0.01648839226914056,0.0034834778577147647,0.003852537409147108,0.007279913292901388,0.4914908100748809,0.0005849534031437351,0.003529899161920149,61.83793266311313,0.09403288529128417,0.058500769905784046,0.03553211538550013,0.8780705825350812
EDOG,0,0.009075640679077734,0.024862388211519537,0.026868215865686107,0.05054647960101688,0.011124245010475153,0.018166810570902747,0.023188872073419242,0.004177423837306398,0.004433025708848154,0.006968074853884267,0.1600111312091276,0.0012120839499885018,0.0024823882796837,61.88165520959704,0.12031155149384176,0.07086693927479351,0.04944461221904825,1.0353181621243264
EDOG,0,-0.00925311913994753,0.009847806624887934,0.015712935032191178,0.03568903620320807,-0.00018524936425790006,0.007173881695462958,0.011953703118082304,0.00753802388614237,0.005830603511919961,0.007413634840298311,0.2711864406779661,0.0022163120567376205,0.0014932424546838642,49.977447000451,0.12357270130467768,0.08141082903105326,0.04216187227362442,0.798921701351699
EDOG,0,-0.005580673758865173,0.0031569298186777672,0.007092803497919409,0.01880563124432344,-0.0063866633006028906,0.0008471963778005076,0.005372584247306023,0.008289333487771415,0.006219089117929516,0.007261162655484432,0.5881768504719325,0.0031202499765981377,0.001611110501739552,61.19132149901377,0.11515598456048082,0.08816126214704524,0.026994722413435576,0.6392498174101262
EDOG,0,-0.010029374924779733,-0.015588986206162891,-0.0003555835621370518,0.015969807868252417,-0.01327796921622415,-0.009155754000121252,-0.005488617734365597,0.007926836881331107,0.007046586033736611,0.007449707527002587,0.39971339372536974,0.0026610713626396758,0.0019589341498215344,51.399905091180244,0.09011808642880581,0.08855269204084401,0.0015653943879617993,0.3378859578633526
EDOG,0,0.005443714513420073,-0.0104538263486057,0.009457162489602489,0.01044381697074992,-0.005822593872519155,-0.004690834597713356,-0.0005912310719901059,0.008774321687353707,0.007059114885194258,0.0071519519097523855,7.0264623955431755,0.004491715181370227,0.0027402865054668326,54.880735099754446,0.07872189155153109,0.08658627056073313,-0.007864379009202047,0.48174926962698134
EDOG,0,-0.00383340797133902,-0.023113035611553534,0.0011747073358447935,0.001323430114787305,-0.004970584446257753,-0.008621592532261246,-0.004487869148271595,0.006195611907343248,0.007093407333722588,0.007126123204955383,3.497034249633267,0.0033986081890274157,0.0031775913532746157,51.01928710937501,0.06233772131715298,0.08173604494756344,-0.019398323630410455,0.3607006074163027
EDOG,0,-0.010550970131808501,-0.02439273049645385,-0.0147851387645479,-0.018217422529117067,-0.010598117548479724,-0.017635490934540088,-0.014090500648173743,0.006458266049400654,0.007549592383849885,0.007169951639243335,0.3582530063738265,0.00044071477575790267,0.0028224718970786718,42.632743362831846,0.030755653936147098,0.07153909928507882,-0.04078344534893172,0.09430048421677346
EDOG,0,0.0008996033567019168,-0.018035044864737282,-0.014935050416974072,-0.023545368716396342,-0.006092614599716439,-0.015283786187912929,-0.012028146400749895,0.00692353842560583,0.007544106612456778,0.006980589628009132,1.8406357946134067,0.009078735332168197,0.004014168968192683,44.69949680556341,0.007202691856125654,0.05867094203788699,-0.051468250181761335,0.1581089238278989
EDIV,0,-0.01025506179332103,-0.02537545313309153,-0.007122131363756168,0.014561821551495768,-0.01160653327031147,-0.015510161378913367,0.0010109895881202924,0.008291023811291338,0.007262233651545275,0.007828509179620588,1.8787190030980734,0.00876726886291175,0.00808503419614685,47.56554307116101,-0.01888664717868238,0.02253972136915317,-0.041426368547835546,0.5292618934228096
EDIV,0,-0.011689691817215686,-0.0251572327044024,-0.02310924369747891,0.014561821551495768,-0.01821060965954069,-0.024773889107353564,0.0010109895881202924,0.008246056262641143,0.007765291405752321,0.007828509179620588,1.2245189078507197,0.008712365591397694,0.007993125763063696,40.83601286173634,-0.07183420700830112,0.002976620265209729,-0.07481082727351085,0.5292618934228096
EDIV,0,0.0185483870967742,-0.015076683129711443,-0.009670674333507545,0.014561821551495768,0.003070895324826628,-0.005720583604492346,0.0010109895881202924,0.01258680103335734,0.010050407693774396,0.007828509179620588,1.515776804034511,0.007915017154922167,0.008312807124903333,48.169014084507005,-0.06925933852624411,-0.011889001548460254,-0.057370336977783855,0.5292618934228096
EDIV,0,0.001847453153866363,-0.003935974809761156,-0.012230028623471223,0.014561821551495768,0.005722763883001081,-0.002653634954415063,0.0010109895881202924,0.01215540817739842,0.009929112852957573,0.007828509179620588,0.9489689566068977,0.007107481559536262,0.008288488690024957,50.28248587570626,-0.06210422100146218,-0.022163404423866304,-0.03994081657759588,0.5292618934228096
EDIV,0,0.010273972602739656,0.008414409676571033,-0.004671684401764797,0.014561821551495768,0.014335590351248317,0.008069815734826458,0.0010109895881202924,0.013034570528957233,0.010532350346064956,0.007828509179620588,0.8528504194802538,0.005215123859191729,0.007543451405591921,55.641025641025706,-0.03127270641104474,-0.02401868661402302,-0.007254019797021716,0.5292618934228096
EDIV,0,-0.005475880052151272,0.013283740701381497,-0.012428793371310087,0.014561821551495768,0.0061200801941543315,0.0038162916173181127,0.0010109895881202924,0.012074472165539188,0.010594885696144918,0.007828509179620588,0.7897323949982937,0.009963293130571645,0.007782656259123899,50.76142131979699,-0.020669268671753116,-0.023339007821872853,0.002669739150119737,0.5292618934228096
EDIV,0,-0.0005243838489775721,0.02473118279569886,-0.0010482180293500676,0.014561821551495768,0.0007350624803108552,0.003395541049195705,0.0010109895881202924,0.009507275789552794,0.009905220996690575,0.007828509179620588,0.9458219156014477,0.00800104931794333,0.007640393004433026,48.148148148148145,-0.013550964072123861,-0.02135856613381524,0.007807602061691378,0.5292618934228096
EDIV,0,0.005246589716684236,0.011348640802322452,-0.003899142188718452,0.014561821551495768,0.003719419561003745,0.00905835264377508,0.005536749849117006,0.0059352629566459345,0.009680306469824432,0.007828509179620588,0.7384706086464813,0.00970250521920669,0.007997890617289932,48.556430446194234,0.005343102048790627,-0.015968518078786006,0.021311620127576633,0.6625709758191357
EDIV,0,0.009394572025052117,0.018967334035827177,0.014956704277092614,0.017359284587059376,0.009341892385574813,0.017011542607735297,0.014105185884326854,0.0067090419625280475,0.00955667033624658,0.00796145854975852,0.6677062992183334,0.011589968976214999,0.008894388100625678,51.842751842751824,0.044054885567682334,-0.0038745999847204877,0.04792948555240282,0.8868521890182913
EDIV,0,0.004653567735263708,0.013298565840938581,0.02182487509860631,0.024248813916710743,0.011347074744951113,0.01951936194773851,0.017597150937467276,0.00575221821632333,0.009510462779684516,0.007971048935014546,1.0971321035218435,0.007243952650540432,0.009300153858895419,52.8846153846154,0.08578426115547444,0.014163651284824596,0.07162060987064985,0.9432765592616539
EDIV,0,-0.010025733401955783,0.008662821185107417,0.022061636556854447,0.01478237931944082,-0.0005113005740700061,0.007103843447374469,0.0066563708099378616,0.007465538157546001,0.009477305986313777,0.008352552102041529,0.8208967079348861,0.010829104974213823,0.009473316227623855,53.79499217527387,0.09039822006475617,0.02948290818614417,0.060915311878612,0.6682070582889564
EDIV,0,-0.0024798286474795317,0.006689401888772428,0.03158602150537626,0.007746848739495826,-0.00430916829523198,0.001525711872731872,0.003772615618257369,0.007663006938399684,0.008356040246785882,0.008334573831213573,1.1033316971042149,0.008075570032573262,0.009488220370549841,48.77419354838711,0.08629244078966991,0.04088790155358191,0.045404539236088004,0.5953286179018931
EDIV,0,-0.0014332247557002908,0.0,0.011348640802322452,0.001568217459487764,-0.0057362170442550875,-0.0010307735702772547,0.002255336055011048,0.007393076121532939,0.006430956707426459,0.00828064125690496,0.9225909075740553,0.00580636743215041,0.008708992813138586,52.941176470588246,0.07822311163250362,0.04837757973269458,0.029845531899809034,0.5569211130053512
EDIV,0,0.004436325678496944,-0.004912099276111581,0.013962065331928342,0.0015612802498048417,-0.00033971308269353795,0.0020165289772560158,0.006622682825981441,0.006028128613767689,0.006513831111272148,0.00828044982495205,0.8128251693805265,0.0033775006495192373,0.007066499147799434,56.28415300546448,0.08307186886995055,0.055333255351843476,0.027738613518107073,0.666338173856689
EDIV,0,0.00012990387113531732,-0.009392691713844603,0.0037809647979138994,-0.0009083830781210223,0.001689301713657665,0.001768546315302988,0.006799525670445394,0.005264216660819391,0.0057211047713687764,0.008259724238024535,0.7296611617340193,0.003855046109884276,0.0063887178396682025,63.05343511450377,0.08624187623495061,0.06152695989541175,0.02471491633953886,0.6713759173585957
EDIV,0,0.0011689829848031685,0.0018091831641990908,0.010487676979548999,-0.0020714655618849775,0.002497138695245038,0.0018966886976488073,0.008081918818802158,0.00267413594930565,0.005336801871216326,0.008246369567601192,0.779618825827895,0.0064841722885314946,0.005519731302531736,73.2638888888888,0.09095617973348169,0.06742192588105556,0.023534253852426135,0.7057770453936417
EDIV,0,-0.005708354955889949,-0.0014332247557002908,0.005246589716684236,0.004192872117400492,-0.002940181614758175,-0.004340162298789418,0.002117732096690972,0.003718476083544725,0.005743708032206866,0.007886454523366358,1.143360892379233,0.007426931106471752,0.005390003517311434,58.921161825726124,0.07760218081126169,0.06946050050024094,0.00814168031102075,0.5539156839048471
EDIV,1,0.002870563674321591,0.002870563674321591,0.002870563674321591,-0.00103977125032495,-0.0006501105187881606,-0.001767362702101316,0.005046941419597939,0.0038797816912695456,0.005573931930832832,0.0076951833653553375,1.1013481941281498,0.007285974499089283,0.005685924930699209,59.59183673469384,0.07431830349744928,0.07043302424054443,0.00388527925690485,0.6288927915943445
EDIV,0,0.01040853499869887,0.008833463237204464,0.003877973112719646,0.01889267908685377,0.007969265114347035,0.008229939781434936,0.014552810308671615,0.005805436673150834,0.005763732472940507,0.0077026266972557355,0.7629281742276126,0.006438320885912954,0.0062980889779779515,59.75609756097555,0.10033686032248568,0.07641853366606763,0.02391832665641805,0.8521003969423725
EDIV,0,-0.004378058202420876,0.004286270944278359,-0.00514668039114774,0.016565869050749304,0.0026973752463947953,0.00433740748976974,0.009280366912312266,0.006439956082003256,0.005731035792261987,0.007766917781694877,2.909567711132324,0.006983962752198552,0.006923872306440806,60.74380165289247,0.1069255287585591,0.08252380235832707,0.024401726400232027,0.7220881705635661
EDIV,0,0.0041386445938955685,0.007265179034769087,0.009087506238562693,0.031349628055260315,0.005386926344141729,0.007578903654485103,0.011898803863670482,0.006608879356517351,0.004788275660207816,0.007338781775008869,1.735120445572538,0.0054095826893352334,0.006708954386601555,63.67187500000004,0.1227570711433259,0.09057453832343822,0.032182532819887685,0.7974410072021832
EDIV,0,-0.0012879958784131063,0.011743215031315257,0.010293159609120694,0.042204301075268846,0.0017570151413364155,0.005250534776690241,0.008531809722798211,0.005632761377943177,0.004708546664486018,0.006689477808944924,0.8047799358650597,0.004532628320866688,0.006130093829480541,59.336099585062314,0.12998105394895276,0.0984590397823033,0.03152201416664946,0.7932833515764853
EDIV,0,0.010833118390507934,0.01977621649752792,0.022703549060542727,0.034309844286091185,0.00864775827456632,0.013853497005523296,0.01773650622665679,0.006817596321935065,0.005521773615276098,0.005861666793215744,0.9959082220752509,0.00510334268946167,0.00569356746755502,60.32388663967611,0.16571932346327856,0.1119154633776209,0.05380386008565766,1.0784703692736883
EDIV,1,-0.00484817555498851,0.004378058202420876,0.013250194855806585,0.02739726027397249,0.0028800658300762727,0.007608737776285013,0.011436493977284856,0.006611392547058105,0.005884075361146614,0.00604151575464366,0.8881576161669766,0.009074358974359051,0.006220775085244238,52.82258064516131,0.1774225187026559,0.12502027664666635,0.05240224205598956,0.8866011797138803
EDIV,0,-0.005384615384615432,0.003362648732540219,0.007663332900376796,0.011473272490221564,-0.003186513851056283,0.001419904479153189,0.005416653058939236,0.006823870021332895,0.00625598275144386,0.005838042801936447,0.4965124128103203,0.006444960041247744,0.006112974543054077,56.94661797948189,0.16861464596385645,0.13374096172553393,0.034873684238322517,0.6832109725996418
EDIV,1,-0.006444960041247727,-0.007212776919113928,0.0,0.010487676979548999,-0.008183643007874775,-0.005034206789725104,-0.0015807872434459025,0.007121743267213644,0.006654210561952326,0.005894755006837429,1.1299815501831034,0.011935651271406354,0.007418188259468302,53.36048879837067,0.1407534507678747,0.13514369260264614,0.005609758165228573,0.44264741839792865
EDIV,0,-0.0012973533990657815,-0.0072220789270054375,0.004436325678496944,0.00970619097586578,-0.008040822638008316,-0.00676094137076777,-0.003353744427688321,0.007121698991739078,0.006372540791402871,0.0059046146397217225,0.5481753634162657,0.004193296960249427,0.007350321987344849,53.4693877551021,0.11351099661495567,0.13081657823295192,-0.017305581617996252,0.3665343453831062
EDIV,0,-0.004416731618602232,-0.02219954069915786,-0.0028623471246421728,0.0,-0.007973490732111399,-0.010867040086729784,-0.007755663457236217,0.0019331437570323802,0.006482102317047201,0.005891085636603436,0.39143926991978556,0.006101252609603399,0.007549903971373196,46.5306122448979,0.07785513704999403,0.12022316351128684,-0.04236802646129281,0.19135552138007744
EDIV,0,-0.008872651356993777,-0.026153846153846194,-0.021890291012104046,-0.018097207859358866,-0.011555277951280307,-0.01748758278145701,-0.015667423101285216,0.002778573063669466,0.00578353361953743,0.005775518295080854,0.6091989739481882,0.01290152711953665,0.008315337600408715,40.754039497306984,0.02291386427777553,0.10075964789179367,-0.07784578361401814,-0.03802743758111413
EDIV,0,0.0015797788309637184,-0.01933488012374318,-0.016037247801344967,-0.021101389603705667,-0.006113810942154019,-0.014354562885422695,-0.013063674516494594,0.004131355034287419,0.005840352350177293,0.005659781678484122,0.5668430244911382,0.008675078864353267,0.00876136136502982,41.07142857142856,-0.015739340222914677,0.0774582644588706,-0.09319760468178527,0.07744241568865108
EDGU,0,-0.0008573889543015412,-0.007924769612823956,0.00667595541401278,0.03533982437564176,-0.0013316788710900918,-0.0034894832766857453,0.021907385028546278,0.007599859657074702,0.006362793508632117,0.005390146899764415,0.6828059537860015,0.002768144196585703,0.0035538010292844578,55.60283687943267,0.004553752157711699,0.012183803801008777,-0.007630051643297078,1.04226595195674
EDGU,0,0.009186284240955134,0.01109350237717921,0.006083017618279785,0.03533982437564176,0.005618380434260217,0.005053623864194723,0.021907385028546278,0.007191597474443143,0.006270417082808729,0.005390146899764415,0.6493804112705341,0.01057993730407522,0.00440195964699332,61.6242410088744,0.014835039034910125,0.0127333876089828,0.002101651425927324,1.04226595195674
EDGU,0,0.007053291536050166,0.008634222919937207,0.013007489160425711,0.03533982437564176,0.010958475175658844,0.010828848190026275,0.021907385028546278,0.006632360566858008,0.006584908409738372,0.005390146899764415,1.3753211161396264,0.005252918287937804,0.0051385715620377165,62.41207754331796,0.0333668962904099,0.016979609876658443,0.016387286413751454,1.04226595195674
EDGU,0,0.0011673151750972721,0.017398181099248733,0.009415457041977326,0.03533982437564176,0.008647001774246599,0.011054404393469497,0.021907385028546278,0.0043832058160343055,0.0064749363789288195,0.005390146899764415,1.4930528817064719,0.0025262339681306365,0.004709061534786014,63.603879530372716,0.04894247687892417,0.023519447324579185,0.025423029554344983,1.04226595195674
EDGU,0,0.004881461329187653,0.02158091460089917,0.016336477987421327,0.03533982437564176,0.009248727294870251,0.014333329148725094,0.021907385028546278,0.004129343382092241,0.006493856719860812,0.005390146899764415,1.2885313303932378,0.0032062686613345734,0.004866700483612788,70.91674249317562,0.06818908786362243,0.03261726718491949,0.035571820678702945,1.04226595195674
EDGU,0,0.0016282739522579526,0.024122399427389585,0.016006465356595,0.03533982437564176,0.006100853668864703,0.014361342115323028,0.021907385028546278,0.00344885136890013,0.0064929299882022454,0.005390146899764415,1.1690139200298952,0.005792020140784785,0.005471475672452604,67.10830975045026,0.08485155764717334,0.04321688182308128,0.041634675824092054,1.04226595195674
EDGU,0,0.004722427088119874,0.019592476489028288,0.030903328050713164,0.03533982437564176,0.0069402252109658225,0.0160474582413086,0.021907385028546278,0.002460221514599132,0.0051422451601887955,0.005390146899764415,0.798358733880422,0.0027209838585702697,0.0038996849833516137,69.4285031085605,0.10464223099093317,0.05564524088089899,0.04899699011003418,1.04226595195674
EDGU,0,-0.0003996925441968058,0.012046692607003973,0.020784929356357784,0.03533982437564176,0.004131634763795633,0.01354531992829866,0.019721185670521058,0.0023186563571917025,0.00469694151223424,0.005390146899764415,0.9755959554808666,0.005767101377952701,0.004002521601354593,66.61975435005121,0.11799080585673138,0.06823043177382576,0.04976037408290562,0.9631190038367647
EDGU,0,0.0023222194881891145,0.013214146910221602,0.03084223013048648,0.0318255039400932,0.0038281778843598513,0.012820512820512775,0.020480659308010685,0.0022206162246395777,0.0033049906982551627,0.005310804742659308,1.124632610597113,0.003068661296509332,0.004111007067030332,70.01779359430599,0.1309709183387895,0.08087180596459334,0.05009911237419615,0.9468411925325119
EDGU,0,0.006919831223628714,0.015269419390770311,0.03717986202754697,0.03960745020851242,0.0077106927799877045,0.016114360477043954,0.02553484245485449,0.0028382787782112364,0.00340457792358831,0.005413026845650536,0.838631350167748,0.006476091792887031,0.004764971693340824,72.3170803262336,0.15174093839265268,0.09512979677258612,0.05661114162006656,1.0055033682896088
EDGU,0,-0.006872276231981167,0.006653100468381412,0.030935988642699863,0.03781847133757954,-0.0005367274957827073,0.006084748071671031,0.01660057658059544,0.005338728417173869,0.004609813311164075,0.005543477659773377,1.0700625058307678,0.007479861910241668,0.0051025400472322,75.38226299694193,0.15367958072703658,0.10689531465075772,0.04678426607627886,0.83334416425123
EDGU,0,0.0,0.0019215987701768356,0.02155172413793105,0.02776584127384618,-0.0009197516670499395,0.003953814273550682,0.01520648470443664,0.004997210664129167,0.004145461404041522,0.005231723519745927,2.76576220740723,0.002685078634445734,0.005095359002407293,71.14695340501792,0.15338013427296815,0.1162275347057586,0.03715259956720955,0.7997318769839569
EDGU,0,0.004986574606827832,0.007320374015748143,0.01945525291828787,0.03271580607016156,0.0025991042427546684,0.007021089404639191,0.01862271711389174,0.005351347962335557,0.003918737310459863,0.005283528117741563,0.588037397151603,0.004576335877862507,0.004857205902389254,84.0823970037454,0.16047768337837454,0.12510439309855206,0.03537329027982247,0.855466093713986
EDGU,0,0.001332061068702206,0.006325278097429887,0.019623008161678834,0.02922322479403694,0.0026692084787880432,0.006409435081261128,0.018504750905049994,0.005330264558401406,0.00391549341442885,0.005232789046143129,0.723095095408079,0.0038117164540364713,0.005005816933894682,84.2650870048131,0.16660624903092724,0.1334248819927391,0.033181367038188136,0.8396094821262629
EDGU,0,-0.003880327350209156,-0.0044685033370920335,0.010732684602175135,0.0272444968553458,-0.0003251522477584201,0.001438175138538833,0.013189479820128636,0.004609593791056539,0.004159844344063336,0.0053156448399028534,0.2554352667582508,0.0011479694334005969,0.003940192461997395,79.54704319865787,0.16216383493266662,0.1391838119713558,0.022980022961310825,0.7416021411486086
EDGU,0,0.0019592011663369657,0.00438434982738789,0.011066619815659262,0.027250222638948385,0.0007582805072223753,0.002299397915268786,0.013809433190456799,0.003227541812638737,0.004166038503901644,0.005315677904006043,0.5069676741181729,0.0015276329709023784,0.0027497466741295373,76.58263305322129,0.1605026934368574,0.14345419636423495,0.01704849707262246,0.7513247807976133
EDGU,0,-0.0020737617580001144,0.0023014959723819395,0.004227517294388861,0.03526148969889076,-0.0017748771224221915,-0.0002001130275112173,0.009966900682915947,0.0034912837781458476,0.004064168841016317,0.004708580251499825,0.7627110402240722,0.0019135093761959707,0.002595432822479585,69.13151806371235,0.15339923989657933,0.14544567039614512,0.007953569500434216,0.6939984372796696
EDGU,0,0.0005663987753541377,-0.0021068702290075736,0.005198080708661568,0.02609105180533744,-0.0007880630236396513,-0.00015105884602517605,0.00924229045130609,0.0024704295928802207,0.004053740237243577,0.004342897746304079,0.371680149632817,0.005155900982222028,0.002711345843351489,68.70828071441451,0.14715636588380576,0.14578814866772924,0.0013682172160765227,0.6846483130908564
EDGU,0,0.005201799210550417,0.0017495778524025951,0.008085922516302135,0.03917754052985378,0.004057368593980426,0.004240379093024327,0.012555810720243032,0.0035336416867395295,0.004290853716829949,0.0038996960030234255,0.3729175377979269,0.0026635414447048907,0.002481710841485173,68.9991063449508,0.15058720522262803,0.14674872102253533,0.0038384842000926955,0.7715921751623237
EDGU,0,-0.00044899698639311314,0.005200301533304419,0.000708560631456967,0.037914766845519754,0.0025654745593617356,0.0037181397150889417,0.01023366821271221,0.0027523817675566974,0.0037206050624380015,0.003928168256982442,0.1579738623987878,0.00036925653812473676,0.0023259682624300008,67.05244787361059,0.1506553803438777,0.1475305484287942,0.0031248319150835036,0.7499792024827533
EDGU,0,0.0015607750580532986,0.004800586611060753,0.009205983889528202,0.040426768745279285,0.0031677375765053473,0.004363694943710028,0.009825358937069595,0.002724779272047225,0.0028162721005068397,0.0038766880043104713,1.0084879350066691,0.0041809198023566325,0.002856625628720852,64.39348818741304,0.1520233594287923,0.1484295664851053,0.003593792943687002,0.798014334810906
EDGU,0,0.0016799695933105152,0.008580176042862542,0.010901419255849643,0.03268808777429455,0.003137970200702167,0.0049607021935156315,0.009905072555959293,0.0021321880545871917,0.0028053553889529357,0.003487175860627682,1.2317398600629075,0.0026561231226901326,0.003005148378019684,66.5482135996926,0.15464918543939987,0.14967399507617235,0.004975190363227522,0.8503543508630229
EDGU,0,0.006291217339171817,0.01435084605734227,0.012213740458015376,0.03190661478599233,0.0065738533711876546,0.010050612981130858,0.014664426140694076,0.0027967457791057797,0.0030282665276659413,0.0034282953323148783,1.4888330791999282,0.004049773755656048,0.0027839229327064883,69.62323390894812,0.16739073874547827,0.15321849406571905,0.014172244679759222,1.023662016765872
EDGU,0,0.0,0.009101701622477254,0.010867203610457787,0.030703458997279442,0.004749449130581063,0.008955046715531711,0.013133294264794593,0.002671108377877986,0.00305193708450733,0.0034455344612373488,1.9589123559685613,0.0018853695324283829,0.0026282885502511865,63.95156282343197,0.1754337162998283,0.15766269229236546,0.017771024007462832,0.9892017273223895
EDGU,0,0.003016591251885359,0.012600403517454062,0.017866230948490713,0.028790668172465672,0.005259092303947943,0.01020420176588277,0.014746633787858565,0.0023687716917403477,0.002541653977237308,0.0033742419230098223,0.8579299808211163,0.0033834586466165357,0.0032311289719495462,80.6075306075304,0.18577792117698877,0.16328690617281266,0.022491015004176107,1.028407929829692
EDGU,0,-0.0011278195488721998,0.009882174078297279,0.014730200921926562,0.025959834270997018,0.002155936519814494,0.007588961345292411,0.012304047063565804,0.0028865964517133832,0.002699413059804449,0.0034214786982774536,1.9880173130636873,0.0026345502446368193,0.0029218550604055834,77.90801518196,0.18945575030420514,0.16852154475260966,0.020934205551595475,0.9397766438731392
EDGU,0,-0.0026345502446367686,0.0055323250184031725,0.014159969383850113,0.01844734819369709,-0.001582397709291028,0.0035263537381167165,0.008714724246894567,0.003561660147477254,0.002785584334906405,0.0034282561660079897,1.9477775845522642,0.004905660377358453,0.003371762511339248,67.9468772433595,0.18481232004151593,0.17178013295105693,0.013032187090459002,0.8115497055211398
EDGU,0,-0.0014981132075471137,-0.0022511312217193824,0.012067409198004864,0.017328217273621993,-0.0026294701180471503,0.0008272049437125784,0.006340328574378606,0.002153484841687598,0.0029279644514856626,0.0034591688749904576,0.9532397190348395,0.005668869967460632,0.0036955817537001646,63.40709017368534,0.1760147664661318,0.17262714972434456,0.003387616741787225,0.7348125905883643
EDGU,0,-0.005653752980880777,-0.007892156862745026,0.0011377127028096012,0.00923283467587277,-0.006701097092290054,-0.004943758693746414,0.00019292451709485015,0.003124394429417825,0.003273135648516214,0.0037313861867096895,0.7282532211427591,0.010615453028615704,0.005441598452937629,59.99549752363801,0.15560997908490748,0.1692234260396692,-0.013613446954761715,0.5074845816108524
EDGU,0,-0.012949104356782648,-0.023684210526315863,-0.011382237618485669,-0.010681741992502936,-0.014877362283876261,-0.016716947756130862,-0.012232231543110372,0.0049043245991755875,0.005283480711121189,0.004490490248601889,1.2472721344923146,0.005390835579514847,0.0058430738395172915,40.90330248747771,0.11159002742850532,0.15769596179887313,-0.04610593437036781,0.06585256768936612
EDGI,0,-0.007061592781482884,-0.02428305429088018,-0.011895513123323709,0.015960064683962605,-0.009232031516677619,-0.014158184181426003,0.012945501598091269,0.008187062277886532,0.006770256561085262,0.006841087318836367,0.7478314076953533,0.0027815092848676158,0.005713335218610069,40.68056799283608,-0.029208434337046896,-0.00012727962071651714,-0.02908115471633038,0.8928391918060197
EDGI,0,0.00592651126037147,-0.005826031270012355,-0.00889503085038057,0.015960064683962605,-0.002194701363850027,-0.007432173232324701,0.012945501598091269,0.007955103053388977,0.007036259851238341,0.006841087318836367,0.6719438892216217,0.0066771406127259115,0.005955406266354031,45.8737014123964,-0.034714564319042296,-0.007296998621476791,-0.027417565697565503,0.8928391918060197
EDGI,0,0.015514532600157116,0.002131782945736349,0.0036489266721013713,0.015960064683962605,0.012849140126141023,0.007597805771152322,0.012945501598091269,0.010532663833436855,0.00871977091312445,0.006841087318836367,0.792705831464639,0.006575130535679818,0.006107641675815586,58.26344351258016,-0.014499637899959339,-0.008779248090654931,-0.0057203898093044075,0.8928391918060197
EDGI,0,-0.0019145233030362085,0.01118730407523505,0.0005311765755007247,0.015960064683962605,0.008653812328750954,0.005615046094505249,0.012945501598091269,0.008735668944217121,0.008743613920719873,0.006841087318836367,1.395170864981619,0.0019375714479470331,0.00461427822245827,54.229491438793694,-0.0019662845004830842,-0.00738526567927838,0.005418981178795296,0.8928391918060197
EDGI,0,0.011799810117998133,0.02432326402510787,0.011055393134426605,0.015960064683962605,0.015633205098781966,0.016350356325973037,0.012945501598091269,0.00936530521950354,0.009502923939989014,0.006841087318836367,1.2269229625286273,0.004978935273841402,0.004590057431012357,61.07706758509636,0.0268550596901882,-0.00041157373970319614,0.027266633429891395,0.8928391918060197
EDGI,0,-0.004186135580237504,0.027289608850256775,0.0023438795060890527,0.015960064683962605,0.005976111032010678,0.011856301593552887,0.012945501598091269,0.008498983306163437,0.009560098877414552,0.006841087318836367,0.6573310567857442,0.003457599218482583,0.00472527541773535,56.87301866854518,0.04166642734429615,0.008127081467202483,0.033539345877093674,0.8928391918060197
EDGI,0,0.001999946155295973,0.023279654359779967,0.017317995095512462,0.015960064683962605,0.0033861253590441454,0.012133071798834605,0.012945501598091269,0.00862192890767573,0.008394175759328779,0.006841087318836367,0.7898626231094873,0.003942009849267148,0.0041782492650435975,56.48020615808417,0.055969034877325186,0.017807074874868527,0.038161960002456655,0.8928391918060197
EDGI,0,-0.0016389855945833087,0.005994971959002227,0.008139534883720989,0.015960064683962605,0.0005470118611559105,0.009650488580003058,0.01048264046378855,0.006319923195805189,0.008198166171064744,0.006841087318836367,0.7744435013553104,0.0022991157247212297,0.0033230463028518795,54.821886325466316,0.06352380494477927,0.02703553844165571,0.03648826650312356,0.8073981771250298
EDGI,0,0.0023068050749710522,0.010249752959640368,0.02155172413793105,0.02155172413793105,0.0008184675768598826,0.009823604307186207,0.011732723266650869,0.006075052583438384,0.00709439761191448,0.006782259761436163,1.2339225321766987,0.0019179133103184008,0.003319114675326153,55.360496091532355,0.07264045582394729,0.03622432318229764,0.036416132641649654,0.8362220666039824
EDGI,0,0.0009436133486766529,-0.0005898123324397098,0.023719105531581075,0.01773010920436824,0.0018813158460546653,0.008414857295227396,0.011794890386560342,0.002754790204184218,0.007014994197712177,0.006728721109360832,0.8732582343036693,0.0010730189387842194,0.0025379314083147165,53.5173480060024,0.08052095981998875,0.04513625728345693,0.035384702536531816,0.8249930353670899
EDGI,0,-0.01058456538900765,-0.007011349694431179,0.020086922165152288,0.00795246479560574,-0.007333575812195292,-0.0042151846153668515,0.0006902942917197397,0.00536669761017972,0.007604888206103489,0.007196414876364185,0.9368674061170037,0.0012239333188733988,0.002091198228392879,54.877366408654254,0.06670327166249024,0.049470126276939565,0.017233145385550673,0.5193288036588499
EDGI,0,0.005484460694698434,-0.003558172473486443,0.01963864886095834,0.010568931623099909,-0.0011773487337729538,-0.0006809689391166218,0.005649417674365997,0.0060945918012235475,0.0075808832795835985,0.007266463002896504,8.41171200322357,0.0038520801232666186,0.0020732122831927735,53.817886799656385,0.06501581811295765,0.05259105518018165,0.012424762932775994,0.6575572829597041
EDGI,0,0.004237288135593209,0.0023068050749710522,0.008315606265712594,0.011994875975311459,0.0025920484874588645,0.0027235463874066834,0.00930656535143859,0.006425312669484218,0.006020825167929959,0.00729656894678887,0.12660127566060997,0.002685078634445734,0.002150404865137674,64.28274644229768,0.07066410372330267,0.056216622493645854,0.01444748122965682,0.7526240617797975
EDGI,0,-0.001542002301495926,-0.001542002301495926,0.008691945515491017,0.009227739048845107,0.0013556682628981243,0.00031435398718437924,0.007286144020580698,0.006381772819329692,0.006002981903508024,0.00731089891387681,0.12563362367274156,0.004225925669809197,0.0026120073370358337,63.94399669353177,0.07138973227817047,0.05925859949964121,0.012131132778529258,0.694656319731187
EDGI,0,-0.006381147761411965,-0.008848574034474477,-0.009433167368824158,0.0015179383918373368,-0.0032634021854156536,-0.005127132025669057,0.0007825959937663995,0.006850640851143845,0.004998032874935376,0.007466196333092316,0.0960999376179534,0.0006456926116526312,0.0025265420716095157,64.40651506478642,0.05924652476334913,0.05925617987214253,-9.655108793402145e-06,0.5209082037571856
EDGI,0,0.001043934162552107,0.002800328447928546,-0.004230655328510413,-0.0018966919687432027,-0.0027785866261164083,-0.0036669759358795018,0.001922718592903605,0.004759320790583257,0.004892683257371582,0.007399762324235074,0.11406624847641775,0.0007724781485243571,0.0024362510375397074,61.97253572024234,0.051029336869650166,0.05760826124107546,-0.006578924371425293,0.5515303243719868
EDGI,0,-0.004661905626344609,-0.007318952234206533,-0.010851082613318463,0.006278993486715567,-0.005972650168718507,-0.007231759954264172,-0.003058332306538847,0.00427800756072576,0.00498037412025681,0.0068726084354903275,0.280755129652088,0.003880481179666196,0.0024419312488196234,47.21201784308578,0.03525578011952035,0.053132223950985706,-0.017876443831465354,0.41608706442960264
EDGI,0,0.0038804811796664396,-0.007671653241273502,-0.005382545174932751,0.002713178294573737,-0.000573308546624296,-0.0028415354467286047,0.0006747882365978342,0.004160559834202097,0.005211912863745404,0.0067228155752132625,0.0722976160437077,0.006896018554310007,0.0032841192327924774,52.047749063432676,0.02984141360388648,0.04846944408805651,-0.018628030484170027,0.518536464164053
EDGI,0,0.0038654812524159254,-0.0022973668641327327,-0.003835826620636751,0.017633228840125303,0.003753737504289978,0.0013989508639715709,0.003669364181061452,0.004809546385817114,0.0053280991159312605,0.006242633889031256,0.1264808122499009,0.004428186368887118,0.003324571372608062,44.89200233508462,0.03262674855103853,0.0452983926148383,-0.012671644063799767,0.6064407570375762
EDGI,0,-0.003943011166730792,0.00015079049014632417,-0.008699117825143876,0.014813652412710931,-0.00023421502794740423,-0.0016757348803714267,-0.001017033525418154,0.004134118275363506,0.005417427063724617,0.006321072807692822,0.061262790045515665,0.0005798759838562746,0.0033114080470487903,45.119178584525145,0.02684404998052159,0.04160518323843357,-0.01476113325791198,0.4677022605387219
EDGI,0,0.00705129196369203,0.006152788452996605,0.008970346729464174,0.029237455551165636,0.005577189726359455,0.004465921035482934,0.004591620009074315,0.005228108883441975,0.004726510889226358,0.006188972762813814,0.28101327814595695,0.0030710172744721036,0.00377111587223834,49.90963250552243,0.03559500139060745,0.04040253705480573,-0.004807535664198281,0.694390702541837
EDGI,0,0.003282149712092064,0.0141831587116803,0.006760400616332873,0.026531814611154836,0.006038811915336506,0.007081223486835153,0.006577774217389809,0.004064268709499411,0.0045368472392222975,0.006116352820134994,1.5494607564889828,0.002678349371544462,0.003530689510613993,54.083425522222925,0.048427615551009495,0.042008204089976374,0.006419411461033121,0.8777416640956516
EDGI,0,0.019651431960360455,0.030115964437572362,0.02221327196010736,0.03071359504931359,0.019692788519669824,0.024585499837752378,0.024791367158230493,0.008635268436144589,0.007517740640887335,0.006666575883799936,1.0666263481503881,0.0023040177717070748,0.002612289354093407,64.54805808169628,0.09653082538440216,0.05291626821805559,0.043614557166346574,1.3598309210756827
EDGI,0,-0.0057037573501544925,0.02029649595687344,0.017952500595471266,0.02680048826800485,0.009803405963294098,0.016914481948176352,0.01759303690484204,0.010149193122909912,0.007856971012441927,0.006821798701615074,1.351705227403187,0.0016190451030489938,0.0020504611009257816,59.50323464135621,0.12157409982468081,0.06665140038356036,0.05492269944112045,1.0424784689733362
EDGI,0,-0.0033324401538281645,0.02092192549753369,0.021075870815080444,0.011443891229413916,0.002303771429438939,0.011409803116555262,0.013620399375372516,0.010031707259145076,0.007557317618797345,0.006429110595293553,0.7569059230855143,0.0037866165823513915,0.002691809220624805,65.29692196082496,0.1330764050334885,0.07993916107346948,0.05313724396001902,0.8918155017392883
EDGI,0,-0.015044227681681788,-0.0014779270633397124,0.004665768017087402,0.0004153734322538405,-0.01248652260406058,-0.004266744656807542,-0.0016494287449660971,0.012909831782822262,0.009317688522236649,0.007258494493370331,0.8862831395692482,0.0026988062972146862,0.0026173670251733215,51.17822008693665,0.11030516649754318,0.0860133714095881,0.02429179508795508,0.45252487798770247
EDGI,0,0.0007227572419890027,-0.0040251764840925075,0.010100892510671367,-0.0008597957217486574,-0.010982789855072395,-0.004538989842437391,-0.0008849148219106651,0.01278593671692935,0.009139838147016468,0.0072460042678898304,1.64815201693114,0.0007683353630192342,0.002235364223468276,49.052189275652964,0.09265187363181582,0.08734124835915527,0.005310625272660546,0.47453807438499523
EDGI,0,-0.007679511953377349,-0.030721487780075107,-0.0015307305759567624,-0.006905036524413766,-0.012434039032529043,-0.012034027117199586,-0.008215785558301936,0.005848135739427516,0.009466301086118473,0.007440402980875822,1.5467561037181292,0.007355673934588613,0.003245695456044584,45.576752440106446,0.06245018722485085,0.08236250670167079,-0.019912319476819942,0.2691029180934908
EDGI,0,-0.006352979435084283,-0.031354374629676496,-0.011694262610704609,-0.015485232067510624,-0.012434271431572608,-0.017168900533263587,-0.013752205159891506,0.005841360273512621,0.009540355091674113,0.0075309081965122746,1.4331455481712951,0.003650701503528046,0.0036520267361403944,45.617229129662476,0.02547632881854156,0.07098430317453808,-0.04550797435599652,0.13694519834022945
EDGI,0,-0.002193537829761172,-0.030247493259822456,-0.009958403562758011,-0.018570892061959166,-0.008505712416327027,-0.01835646577663308,-0.014998484613053198,0.006007663382179468,0.009499089380258818,0.007526377192769083,0.8455745180681269,0.005076142131979657,0.003909931846066047,43.847806075483284,-0.008103301184924305,0.055165705744690645,-0.06326900692961496,0.12855119505574528
QSPT,0,-0.0017158735672108127,-0.005938648948717207,0.004796632568156323,0.0323530339512339,-0.0013467985389530313,-0.002844643732572205,0.02235569271265203,0.00838346692832885,0.006260739083933184,0.005497650011182549,2.3690084855897866,0.010786135292930514,0.006905498700538071,56.49411324985989,0.008114842101726083,0.013515488095314781,-0.005400645993588698,1.0417677267296406
QSPT,0,0.007581609291385627,0.012092616863259131,0.0055558449224786255,0.0323530339512339,0.0038109354505042603,0.0041579702752458925,0.02235569271265203,0.007217651999184073,0.0063501123449925525,0.005497650011182549,0.48657870104773693,0.008926567329108948,0.007212437330186852,61.693725318122056,0.01707877238008848,0.014254133735308868,0.0028246386447796125,1.0417677267296406
QSPT,0,0.009220090819621163,0.009234031238237295,0.014422075668170775,0.0323530339512339,0.011191597548131593,0.0119583907834242,0.02235569271265203,0.006319405690154031,0.006911252311035562,0.005497650011182549,0.45231042433015234,0.005457562744863263,0.007395741122369527,63.81159645577499,0.039859347564402015,0.019523495859238817,0.020335851705163197,1.0417677267296406
QSPT,0,0.0004961420677147554,0.015432913361763445,0.010788892384168802,0.0323530339512339,0.008591655594234249,0.011367507916440811,0.02235569271265203,0.004958933259570398,0.0068520477063431975,0.005497650011182549,3.5278924285706905,0.0058139534883720305,0.00730834081864092,63.238235603747825,0.057635386507229214,0.027321468727352298,0.030313917779876916,1.0417677267296406
QSPT,0,0.005971272229822189,0.021695032997568697,0.018496973726125576,0.0323530339512339,0.010261081253365889,0.015530245881462346,0.02235569271265203,0.004701832278725011,0.00693660902989606,0.005497650011182549,0.2991371475376727,0.006404982559681296,0.007477840282991211,70.89859851607588,0.08154992007407813,0.038366121778153565,0.043183798295924565,1.0417677267296406
QSPT,0,0.00159784596764867,0.025086463052267582,0.018998834406117826,0.0323530339512339,0.006888575682056697,0.015227586777258217,0.02235569271265203,0.00378394936638282,0.006932423293480189,0.005497650011182549,7.03580462382418,0.00542740380698945,0.006406093985802998,68.49444971272386,0.10195155119424015,0.05126916003995584,0.050682391154284315,1.0417677267296406
QSPT,0,0.004032367556412453,0.021475559852892845,0.033827872433376927,0.0323530339512339,0.006669520786866112,0.015932895757696075,0.02235569271265203,0.003494152184334781,0.005432827114149418,0.005497650011182549,0.11894807916344514,0.004408324431042231,0.005502445406189655,70.2736842105264,0.12418967756667953,0.06602336798149297,0.058166309585186565,1.0417677267296406
QSPT,0,-0.0042325323525036485,0.007859574686489568,0.017166181482901166,0.0323530339512339,0.000844026372766038,0.009908729968250984,0.016407160523434827,0.0038812927488060265,0.00494635022103081,0.005497650011182549,0.16045999362504962,0.005771476683234258,0.005565228193863852,63.8232055785666,0.13159985145070863,0.07926075804872312,0.052339093401985504,0.8904445839663199
QSPT,0,0.0023697004264102706,0.009746922024623794,0.025330258789537208,0.029018137207065253,0.001276479142249265,0.009776621337016067,0.017354289625691077,0.0038415728041844436,0.004224081001628722,0.005420367129506055,0.17270811399236025,0.007112616426757015,0.00582496078154085,66.70294361525703,0.14045075084359482,0.09158972835164562,0.048861022491949194,0.8939232095354602
QSPT,0,0.004572396274343804,0.008342795754489263,0.03021882598124348,0.03211887114173373,0.00418330712841497,0.011384382670204918,0.020383414400375832,0.003512098331837806,0.004153015052577306,0.005465389305055475,0.015410116759868121,0.0022218476062036137,0.004988333790845314,68.39179416539584,0.15482160220392416,0.10431119742103402,0.050510404782890136,0.9327941092089947
QSPT,0,-0.0028658125421443525,0.0038490781220299475,0.029032100930391103,0.033967989819392086,0.0005372284425246843,0.005624697802552703,0.015761562723834333,0.004059083249016137,0.004310700628349857,0.005371889414479407,0.09111185927110513,0.0037193575655113924,0.004646724542549702,76.47285329226024,0.15831224464623617,0.11516265140867611,0.043149593237560055,0.8355996249914159
QSPT,0,0.0015215553677092597,0.0013387242904085994,0.022843033996926554,0.02852579127385102,0.0017911836964403793,0.004894535266811051,0.01587397400844237,0.003694313787548867,0.003989403850328178,0.00523417478317754,0.1411844677990957,0.003079000675219467,0.004380859791385148,71.81177090885119,0.16229296917207847,0.12462446066608017,0.0376685085059983,0.8297264049518154
QSPT,0,0.0039027683997299167,0.009519541541052279,0.017453935775264773,0.03212773342589381,0.003797034208415706,0.007073588211905513,0.018222510772703426,0.0029253030207701844,0.003244736160490144,0.005256783024460659,0.13257593808675097,0.004086011380298398,0.004043766730797977,81.96409140369968,0.17160684547794958,0.13404942282872231,0.03755742264922726,0.8659555031885331
QSPT,0,-0.0005246236833964524,0.006604572396274433,0.01641586867305067,0.027381870097725747,0.0019513102907007251,0.00491162390607669,0.016310032009320352,0.0030908354037505817,0.003303616782333409,0.005242721340782702,0.13057264225215637,0.002052489905787347,0.0030317414266040434,81.41042961361786,0.17575265117191918,0.14241028381881193,0.03334236735310725,0.8180443235086599
QSPT,0,0.0003364737550470842,0.002360080917060081,0.010722566344604445,0.029417875098682877,0.0018156012308885305,0.004178843137334187,0.01517729321909056,0.0025012164793881664,0.002942543640799172,0.005201507176937237,0.2945923446764411,0.0016515304406323327,0.0029176779934897874,84.33032616238708,0.17765183516494432,0.149472253924836,0.028179581240108303,0.7926018363482428
QSPT,0,0.0013488059199462388,0.006596787827557016,0.010471257501289744,0.029669033594698524,0.0018495622097016717,0.004486601772843546,0.015059968293547499,0.0016644865755128804,0.0029386406909545793,0.005200906607527152,1.8764686136287345,0.00403424912915982,0.002980656306219473,82.12476250791622,0.17995834004853606,0.15557892075880145,0.02437941928973461,0.7876986182059222
QSPT,0,0.0003325484294645076,0.005401755570560329,0.006747711322362182,0.04080384447356922,0.0011046440094744092,0.004144371548253645,0.013380501919399768,0.0017122066982423623,0.0027475858314222334,0.0044082107138643,1.7478622420961796,0.0024042981867024886,0.002845715808516077,77.55690289235648,0.1803893162076733,0.16054715021874863,0.01984216598892466,0.7753238859614247
QSPT,0,0.0015278710543988883,0.003023312124187827,0.012571634210597704,0.029953622647894695,0.0020285488518103634,0.004424444974291397,0.013433158365431908,0.0008407319753972992,0.002141010824326613,0.003717111736343874,1.387558781215778,0.007040954887596093,0.003436704509975616,78.2277504580078,0.18196365823031613,0.16483469800271983,0.0171289602275963,0.7784832869586873
QSPT,0,0.0036780607198536597,0.007240915208613696,0.013893310753598564,0.03957549069996791,0.00426192022587113,0.006728066523312037,0.01519509860908852,0.0013664790262023854,0.002253891483074656,0.003345744218020819,0.6901012624347594,0.006012988054197057,0.004228804139657558,76.77432627031453,0.18916382945625898,0.16970438245493938,0.019459447001319602,0.8306432926996847
QSPT,0,0.0001603463481121281,0.007063572149344166,0.009440323668240103,0.039944425147620866,0.003009699110490649,0.005942249372882014,0.013381784310115163,0.0014039473588181623,0.0019747375301450735,0.003334709277818736,0.7373843763361247,0.0019539078156313363,0.004289279614657358,75.72043010752672,0.19296177570099005,0.174358811198845,0.018602964502145047,0.8181680340742918
QSPT,0,0.0016700066800265922,0.007386606024165188,0.01403212172442947,0.04347160462899158,0.003206648527102507,0.006219165874843613,0.012932366583567223,0.0014078176105807934,0.001455690235882054,0.0032220187058638237,1.1390066508498309,0.005615205068356182,0.004605470802496631,73.78077101718507,0.19742789249686155,0.17897496812808916,0.018452924368772383,0.864907759648361
QSPT,0,-0.0010003334444813605,0.006044325050369448,0.011478730587440866,0.03458397361741805,0.0009976565428695405,0.004067209497483626,0.010210510539014228,0.0017600624365078507,0.0016383882148978358,0.003023820305987288,1.0687551463432892,0.0031308411214953824,0.0047507793894552095,82.9503916449085,0.19639985143207994,0.1824613590370564,0.013938492395023538,0.8365954531975653
QSPT,0,0.0025333778371161575,0.00705436623023914,0.010099005905379377,0.02772920908111076,0.002124634077822707,0.0055988432025932955,0.011387917012442461,0.0018604440087056585,0.0014255087331029232,0.002467795793982868,1.2345819808755154,0.005989499232585005,0.004540488258452992,83.08509260458487,0.1990420513387292,0.18577857399519135,0.01326347734353786,0.8916771180477558
QSPT,0,0.0021474302418105218,0.005518586814185378,0.012799461641991972,0.02942544459644325,0.003170777390364199,0.006476473005556427,0.012093686350954647,0.001480786604015561,0.0013553756863539978,0.00246459215430622,0.4673895766737898,0.001604629838806166,0.0036588166153748145,81.3854047890535,0.20369125734653082,0.1893620409866794,0.014329216359851432,0.9379366938652657
QSPT,0,0.0017873516631008446,0.007154308617234317,0.014268415741675033,0.02514397612070196,0.0035310052881880605,0.006847277366654803,0.012643519707109752,0.0013985656281490218,0.0013211539410435448,0.002227105650167329,0.30913559057575285,0.0028553236365082904,0.003839099779550205,93.19809069212407,0.20906804380931376,0.19330406027658129,0.01576398353273248,0.948114300297986
QSPT,0,0.001857121064395617,0.00734244748249413,0.014783289273465616,0.025409346403453936,0.00392328362157035,0.007236988191299698,0.013250485030505521,0.0014091381012474788,0.0013279338608510436,0.002230021674030056,0.9618842886376321,0.0028136192411833518,0.003278782614115639,93.30789550924563,0.21513755533705137,0.19767148495156875,0.017466070385482618,0.954466352216694
QSPT,0,-0.0011618592395945537,0.0071795727636849715,0.01326729348556066,0.020104528674392386,0.0013253621351272393,0.00474317118203027,0.0110648831775777,0.0014798631447075837,0.0015376163998243426,0.002192017586310787,0.7209493757717108,0.004013242706734971,0.0034552629311635566,86.57014478282571,0.21473736047456526,0.201085113805272,0.013652246669293266,0.8684041774892634
QSPT,0,0.0005202965358854783,0.005157161929557619,0.01224790866875658,0.024973519106982645,0.0008174728354373162,0.004044672984098829,0.01034581423716574,0.0013757185092208655,0.001555386553821987,0.0018214198241561508,0.6640282543897001,0.0019244273089815307,0.002642248546442862,89.16805324459268,0.21316381316934496,0.20350111059093184,0.009662702578413118,0.8561177219792638
QSPT,0,-0.0022689031095565193,0.000727565082191628,0.006250167027445963,0.020230313293818858,-0.0015982488866616018,0.00114364948821577,0.007046951650560018,0.001823754238091337,0.0016450949177797172,0.001959511846059789,0.5167885467092389,0.007423071943377536,0.003805936967357136,79.74222896133452,0.20422242783110534,0.20364538631258755,0.0005770415185177846,0.7555674673956914
QSPT,0,-0.009368474518878012,-0.010416459398690736,-0.0033366733466934084,0.006072151045178664,-0.008888091750615335,-0.007906137064090268,-0.00268778751171439,0.0043664315174753625,0.003573373425611963,0.002884480145056964,0.4228275319460647,0.003351195203769353,0.003905111280809348,53.8819875776398,0.1731296004365106,0.1975418137497485,-0.024412213313237896,0.3986728640248856
EDGH,0,-0.0036973537085351893,0.0007787345563459169,0.006809792843690987,-0.005671077504725841,-0.004780484899028936,0.0011753064298776206,-0.009168673310370967,0.0057715573573234,0.004822542999746264,0.005075161909081934,0.6638585361332249,0.0024316518772352974,0.003935338701778886,60.296274567321724,0.04795274995645471,0.03590004628537031,0.012052703671084401,0.2247480308248884
EDGH,0,-0.0022745297559368938,-0.010756676557863498,0.008683681033569979,-0.005671077504725841,-0.004895303195379341,-0.0019601547466953084,-0.009168673310370967,0.002630197252288988,0.004649323600012212,0.005075161909081934,0.8904635744799524,0.007311586051743542,0.0046558161495163074,57.722549845549075,0.039321805610395444,0.0366093547223477,0.0027124508880477446,0.2247480308248884
EDGH,0,-0.011811023622047334,-0.018625815484524355,-0.006513921244882703,-0.005671077504725841,-0.012964230767502194,-0.013109855420874617,-0.009168673310370967,0.00513095763988047,0.006025071120857008,0.005075161909081934,0.635822605412412,0.0032251944602542534,0.004517394110350858,49.25122798610283,0.013173820054138474,0.03178649639517385,-0.018612676341035375,0.2247480308248884
EDGH,0,-0.0009485866059572023,-0.021916790490341898,-0.004913076341647837,-0.005671077504725841,-0.009523322283731539,-0.013565811607179734,-0.009168673310370967,0.004270904103383728,0.005989529244118616,0.005075161909081934,1.7080459211105796,0.003038359285985503,0.004159241301871888,45.636998254799295,-0.008478263807695896,0.023548030597108544,-0.03202629440480444,0.2247480308248884
EDGH,0,0.0022787694644892387,-0.01639955273947069,-0.006400602409638467,-0.005671077504725841,-0.003969026795837327,-0.010687869961124696,-0.009168673310370967,0.005251151515955114,0.005889025067127961,0.005075161909081934,0.9298599384983588,0.00530503978779843,0.004262366292603405,44.95077000757386,-0.02117318693953152,0.014439706102582463,-0.035612893042113986,0.2247480308248884
EDGH,0,-0.008336491095111698,-0.020979544196207955,-0.020217147135904168,-0.005671077504725841,-0.00807338058598328,-0.016945205119247575,-0.009168673310370967,0.005729095258803661,0.005894024917552936,0.005075161909081934,0.7015907623985893,0.0030569354222391397,0.004387423001604174,42.02265754071283,-0.04478456026393829,0.0024216544518837345,-0.04720621471582202,0.2247480308248884
EDGH,0,0.005349636988918549,-0.013498312710911287,-0.024109792284866538,-0.005671077504725841,-3.800691725897032e-05,-0.009267174020281765,-0.009168673310370967,0.007201264203131593,0.005118831128573351,0.005075161909081934,1.1863517359784164,0.004180919802356497,0.003761289751726765,43.76788371294495,-0.05331672485952765,-0.00885604442598631,-0.044460680433541344,0.2247480308248884
EDGH,0,-0.0003800836183959211,-0.002086890533105623,-0.020673835979624022,-0.005671077504725841,0.0,-0.007568890945028217,-0.009265440014224358,0.005087315008761096,0.005127706903443299,0.005075161909081934,0.713521040950433,0.0038022813688212117,0.003876707133440156,45.265151515151516,-0.0599314766695187,-0.019166225510603555,-0.04076525115891515,0.22944872635618463
EDGH,0,0.00703422053231928,0.005886821116596996,-0.016158989598811346,0.003980288097043205,0.005848619497930141,0.0010552940838519653,-0.0024936716631748235,0.006038669234480652,0.005747859816322721,0.0052937213087623815,1.1198321091290662,0.007173872003020492,0.004703809676847154,47.886847740335874,-0.051929470477649176,-0.025767583931746142,-0.026161886545903033,0.4262485612264281
EDGH,0,-0.002643005474797011,0.0009473285335352966,-0.01546775997018257,-0.002077823951643354,0.00299969623329277,-2.19567391668285e-05,-0.005027033583115514,0.0062152246716271654,0.005728670567178593,0.00527419732609755,0.6748344071095553,0.0009464319515426304,0.003832088109595994,41.29588103387225,-0.04986356218834942,-0.030615396014686456,-0.019248166173662963,0.352247251631097
EDGH,0,-0.0010410751466969348,0.00831104317921283,-0.012842862914690167,-0.006120527306967993,0.00030326579351402927,0.00023691068467179832,-0.0057585934766837266,0.0042564420032820925,0.005679038261561608,0.005226009883658481,0.987879681509879,0.0041686404547607555,0.004054429116100318,30.554989470823955,-0.04956100628400506,-0.03442249659271679,-0.015138509691288271,0.33290409076651506
EDGH,0,-0.0057792515395547195,-0.002850627137970352,-0.016310461192351022,-0.007768415001286,-0.004911908058184311,-0.003901244411538607,-0.011121910180016514,0.004730630777848324,0.005852906743557065,0.005302255051556575,5.865411687896573,0.004162378502001193,0.004050720856029257,29.59599947361494,-0.05934258034431039,-0.03942541382997776,-0.019917166514332632,0.18982000903809734
EDGH,0,0.0009529254812274957,-0.001520912547528508,-0.003604629102637036,-0.010095070077428159,-0.0036613359133420564,-0.0025922725589431206,-0.009679758114469417,0.004780731223358569,0.004654461227232166,0.005242023729265154,0.3570233105255812,0.002284843869002236,0.003747233356065462,27.70270270270271,-0.06450617942523351,-0.044456773299956454,-0.02004940612527706,0.23848265421196826
EDGH,0,0.0015232292460014563,-0.0069850858976778785,-0.0011393847322445083,-0.006046863189720364,-0.0007408955337296907,-0.0009591551837114798,-0.007871951351774431,0.002955216928105005,0.004684752761475886,0.0052369371392723164,0.3063174379678453,0.002908745247148264,0.0028942080048910157,31.46853146853151,-0.06494030169082876,-0.048563408212084914,-0.016376893478743847,0.29122712345151464
EDGH,0,0.010707224334600696,0.00630702252508053,0.00726032588101555,0.0008132530120483761,0.008681423847618497,0.009003428051719498,0.002710134439190437,0.006005390203220729,0.005789119763665541,0.005726517862290393,0.2592932874637486,0.0018922863935955702,0.0030833788933016036,45.37335648722411,-0.04438618051276677,-0.04772634355369614,0.003340163040929371,0.5717982393694505
EDGH,0,-0.003822192795016166,0.003505447655139715,0.011845624761176898,-0.00861100711344065,0.004121143727352061,0.003965435987535404,-0.0006889132888184823,0.006389753557488793,0.005142736321180082,0.005630565073846807,0.2552501457346357,0.002265861027190284,0.0027028230077875094,44.253568836196436,-0.03515699593676658,-0.04520857797678875,0.01005158204002217,0.4814270432322008
EDGH,0,-0.0026435045317220185,0.006670478368591581,0.003800836183960543,-0.020400593471810113,0.00013936057731633866,0.0009319544399726265,-0.00229517442929017,0.005710621061951671,0.005044649314775196,0.005153043717963742,0.4268819086831318,0.004922377887163916,0.002854822884820054,51.952847606874016,-0.03262817846967536,-0.042689379458653566,0.010061200988978204,0.43122317551344075
EDGH,0,0.0030291556228700944,0.008758568164508596,0.007224334600760329,-0.013598856087461697,0.0014244497269046974,0.003241503976040283,0.0014178246702247765,0.005750464347060601,0.00510163825855081,0.005182310854531763,0.168694379165543,0.007497168742921954,0.0038972878596039975,55.467468562055785,-0.024424084738758012,-0.03903269911386671,0.0146086143751087,0.5464989317620135
EDGH,0,0.0015100037750095385,0.008745247148288948,0.0016990749480838563,-0.014487369985141219,0.0011955474913127873,0.004585194920956548,0.0036698452067198684,0.005750602824049954,0.004619686289671567,0.005157900373446512,0.2542298279899294,0.00904636260836796,0.005124811331847936,54.85033259423506,-0.014786907604719346,-0.03417969586673778,0.019392788262018436,0.6422289506110241
EDGH,0,0.0022615906520919715,0.0003160080657296227,0.006625023660798757,-0.008945210585165841,0.0033962264150944055,0.006190398166077138,0.006396617538438676,0.0030881025473491583,0.004546525331679153,0.005159948218256034,0.15651832909861849,0.003760812335464514,0.005498516520221725,66.36533665835408,-0.0026404506697303987,-0.027867846217338003,0.025227395547607605,0.785354035289412
EDGH,0,0.008273787138021849,0.012462235649546738,0.016011369019422128,0.002962874287338879,0.00918467213731855,0.01289600606906438,0.014571264170553766,0.0039085880666812275,0.00507996826562157,0.005448066679375939,0.5909351879109815,0.002610966057441264,0.005567537526271922,68.33920187793429,0.02326832810542001,-0.017635422897761266,0.04090375100318128,1.1110133714395427
EDGH,0,0.005967922417008609,0.021204089360090883,0.028016009148084553,0.011248593925759165,0.01094534822700366,0.016119260828809656,0.02004712186537394,0.0028321951645693165,0.004509865920104641,0.005564557383787395,1.2029992334227673,0.006303299962921696,0.005843721941423478,72.13851440655557,0.055237159866894814,-0.003054991819323441,0.058292151686218256,1.188351544733198
EDGH,0,-0.005561735261401468,0.012457531143827971,0.021325209444021276,0.01764371087080252,0.0028417588991924703,0.008340426555822011,0.013482682842082205,0.00527710009511389,0.005217495651294658,0.004976922552178286,2.1179445068718126,0.00450037285607753,0.005244362764054593,61.33134893789747,0.06832779226354901,0.01122619950880537,0.05710159275474364,0.9266409289352581
EDGH,0,-0.0037285607755407346,0.0071617037316245025,0.015969581749049278,0.014812001519179718,-0.0023149876782914136,0.0029969789971231453,0.008960376215344956,0.005991995131034598,0.005539148718394514,0.0050688467493856665,1.3659306512339082,0.002619760479041927,0.0039590423381893865,60.11139106219333,0.07023034842435649,0.023030093758067038,0.04720025466628945,0.7770572553962983
EDGH,0,-0.008974550898203537,-0.004129371944339932,-0.003814668793451159,0.003417961348995746,-0.010457383471773496,-0.005625981505083422,-0.0002648447562342282,0.007520175415243595,0.005439128244832448,0.005496484299720625,0.6181910416978527,0.004531687827131118,0.0041132174365227075,52.69398430688756,0.052725612042792136,0.02897043117482436,0.023755180867967775,0.4917669177015768
EDGH,0,-1.510562609041699e-05,-0.012316299888101345,-7.552870090576924e-06,0.011837982422621351,-0.008024275118003965,-0.00564025535110757,-0.0008642514037717763,0.005715696311477787,0.005302063494266679,0.005119508820381906,0.601766483955981,0.0023791720481272077,0.004066858634659895,57.80413159908191,0.03839012504488082,0.03085468302387426,0.0075354420210065574,0.4713072125351986
EDGH,0,0.0041616628524383525,-0.01408972932888386,0.006815600151457879,0.010642341315089343,-0.0010519197535503455,-0.0021765235664964466,0.0027641066263701664,0.005070307520660334,0.005359780472783544,0.0050681477886812525,1.0346275460800864,0.006017299736743142,0.004009658589424185,59.97822931785193,0.03514720423376261,0.03171330139580969,0.003433902837952918,0.5939137752267697
EDGH,0,-0.012482136141406586,-0.020950782997762873,-0.008754246885617212,-0.0015931558935361467,-0.00933839691356031,-0.013773243827843507,-0.009674289005193737,0.006690344114337155,0.006688245958315948,0.0058466469524039106,1.8459068432493062,0.0073082210822565385,0.004571228234659987,48.92315600102797,0.006769400880997978,0.026723990738334903,-0.019954589857336925,0.17574489238517654
EDGH,0,-0.0003084762416167841,-0.01758982035928136,-0.01055408970976257,-0.00887294695110441,-0.006119276288239717,-0.013039533688438465,-0.009540857099950673,0.0069223921819447235,0.006641242883350589,0.005602956885432601,0.6806896126460421,0.0008228571428571199,0.004211847567423025,40.0837320574162,-0.01614693379807619,0.018149076358012314,-0.034296010156088505,0.19374444088551923
EDGH,0,0.0053638095238095485,-0.0033761074312127493,-0.007491538172245238,-0.0009161461290932982,-0.00011139004930704743,-0.007001947932959829,-0.0041827584320223155,0.007068185701558751,0.006880764963657168,0.005721356368248537,0.7821484488659194,0.004130227200388081,0.004131555442074418,47.39364188873299,-0.023051052927616666,0.009908489675618299,-0.03295954260323496,0.36613919307986714
EDGF,0,0.0020072260136492215,0.0020072260136492215,0.004426559356136783,-0.004629629629629539,0.0020072260136492215,0.003439272024104989,-0.005496900820424866,0.0016311552602204567,0.0015378718846630363,0.0029992504399852637,0.8267020675225284,0.003141025641025722,0.0019034362180462138,63.06620209059246,0.01327805544007532,0.0063870549883104245,0.006891000451764896,0.07449024484613022
EDGF,0,0.0008012820512819374,0.004422999597909039,0.007258064516129092,-0.004629629629629539,0.0019252366436708357,0.003517130696255366,-0.005496900820424866,0.0011844007651622527,0.001273483167348077,0.0029992504399852637,0.4173089147212803,0.0014011208967173797,0.0019424058738673645,64.60767946577639,0.017106334498070197,0.008609091862436745,0.008497242635633452,0.07449024484613022
EDGF,0,-0.0004003202562050667,0.003617363344051494,0.006246222043118976,-0.004629629629629539,0.0008016032064128709,0.002491172497134375,-0.005496900820424866,0.0013133019277423849,0.0013226677928679167,0.0029992504399852637,0.5883646526118064,0.002002402883460181,0.0021017288942893238,66.63796814464037,0.019189704300760724,0.010786503025749848,0.008403201275010876,0.07449024484613022
EDGF,0,0.00040048057669217485,0.0020056157240273542,0.006446414182111226,-0.004629629629629539,0.0008012820512819374,0.0022488409742438265,-0.005496900820424866,0.0010988748085312273,0.0013170958550154006,0.0029992504399852637,2.2765807379543066,0.0008006405124099109,0.0017179340124151223,61.728395061728214,0.021159267043419305,0.012908846761572761,0.008250420281846544,0.07449024484613022
EDGF,0,0.0012009607686149781,0.004014452027298221,0.006458882472484495,-0.004629629629629539,0.0012009607686149781,0.002806736166800272,-0.005496900820424866,0.0008970133461367966,0.0013176718219244067,0.0029992504399852637,0.4937004731771279,0.0027109156337464333,0.0020112211134719255,69.99999999999991,0.024299373815114933,0.015228743720602084,0.009070630094512849,0.07449024484613022
EDGF,0,-0.011595361855258002,-0.009615384615384692,-0.007627458851866775,-0.004629629629629539,-0.008503128509545932,-0.00806548693872644,-0.005496900820424866,0.005441793037837153,0.003979951887729739,0.0029992504399852637,0.8923920629841893,0.001213592233009611,0.0016257344318687031,43.7499999999999,0.007813862066807786,0.01372408294274409,-0.005910220875936303,0.07449024484613022
EDGF,0,0.0008090614886731018,-0.00960768614891927,-0.005227181342983611,-0.004629629629629539,-0.005786850988587111,-0.006744820941063101,-0.005496900820424866,0.005442766127120407,0.003996038777416572,0.0029992504399852637,0.7875913921394665,0.001414713015359747,0.0016284528555971765,44.186046511627715,-0.0036829053232594333,0.01020207935276145,-0.013884984676020883,0.07449024484613022
EDGF,0,-0.0006063055780112236,-0.00981177412895462,-0.006229903536977388,-0.004629629629629539,-0.004429232937386729,-0.006728934417997379,-0.005870090842766795,0.00542917843966147,0.003982978547369641,0.0029992504399852637,0.8987410611274034,0.0008088978766430565,0.0013897518542337517,42.74809160305353,-0.013513868954181163,0.0054147342262018455,-0.01892860318038301,0.08024876224324268
EDGF,0,-0.0002022244691608499,-0.01040832666132907,-0.008423586040914643,-0.003844386953262946,-0.0025420651252874293,-0.006091309329956052,-0.00588046637557571,0.005370086120454508,0.0038809810711233034,0.0029938755756072975,1.363368170623101,0.0004045307443364891,0.0013105299006190676,39.73037272006351,-0.02129946448549802,3.217823069727953e-05,-0.0213316427161953,0.10521172054752798
EDGF,0,-0.0010113268608413772,-0.012594962015193945,-0.008631071858691275,-0.007635121559172231,-0.0010113268608414883,-0.00623742454728371,-0.006506287533856514,0.00511750036662819,0.0038813257707263227,0.002913613871791171,0.7050520771563972,0.0004049402713099012,0.000849334828131761,31.932773109243783,-0.028783502738701117,-0.005765179523114656,-0.02301832321558646,0.0957627422948433
EDGF,0,-0.00040494027130999477,-0.0014158576051780392,-0.011017628205128305,-0.006639839034205286,-0.0011330069194351866,-0.005539329237586821,-0.0065788745587003206,0.0006798858021646913,0.0037563002234962443,0.002903616417586117,1.24725527892086,0.0008102086287218787,0.0007686581072742145,33.62831858407074,-0.034943920795996064,-0.011628617078677728,-0.023315303717318336,0.11859460995206017
EDGF,0,-0.00020255215718045783,-0.0024252223120452276,-0.012009607686148893,-0.004838709677419395,-0.0008501680093924158,-0.004537662599576553,-0.006540209862342605,0.00033833498516118514,0.003712982443823153,0.0028764778138160537,7.02733347796279,0.0008103727714748612,0.0006477900584972373,32.142857142857395,-0.039671131917629054,-0.017258388722401215,-0.02241274319522784,0.14117504024637698
EDGF,0,0.0016207455429497752,-0.0002022244691608499,-0.010012014417300708,-0.0038283296393311073,0.0008097165991902688,-0.001917835873624818,-0.004739765819937181,0.0009858337835374899,0.0038150267060792675,0.0029010199295092893,0.14683874069260808,0.001618122977346244,0.0008096350786378749,30.909090909090978,-0.040077451405437614,-0.021836036350033852,-0.018241415055403762,0.2470714181154521
EDGF,0,-0.0016181229773462036,-0.0016181229773462036,-0.012009607686148893,-0.005640612409347323,-0.00048598736432858836,-0.0023244062657908904,-0.006070100651511479,0.0012196829233468496,0.0037860351540590772,0.0029166613037006376,0.21418625756472986,0.0012155591572123637,0.0009718407612130497,29.824561403508866,-0.04276100260589644,-0.026031172818794145,-0.01672982978710229,0.19006618899077193
EDGF,0,0.0,-0.0006074104069649922,-0.013194722111155577,-0.006821062798044175,-0.0003645348130746351,-0.0009917221558825018,-0.005730745601224885,0.0011594145693310726,0.00371984615180547,0.002897235425219081,0.1737368734059283,0.0004051863857375026,0.0009718899840985701,23.076923076923137,-0.044355050620531244,-0.029703050824144994,-0.014651999796386251,0.21781861913016853
EDGF,0,0.0004051863857374993,0.00020255215718067987,-0.0012135922330096527,-0.008831794460056108,2.220446049250313e-16,-0.0004655587717344867,-0.004886896065292912,0.001166395665936625,0.0009161305024446169,0.0028297632187614277,0.10699213377507891,0.0008100445524503675,0.0009718571688442678,21.56862745098077,-0.04436209392770607,-0.03263940323012322,-0.011722690697582847,0.2623606690160217
EDGF,0,-0.0008505467800729027,-0.00044570502431118264,-0.0028698464025868065,-0.00808202653799761,-0.0007615097335526011,-0.001028573279772016,-0.005330387239327217,0.0012342548926466406,0.0008784640062507393,0.0028183987254601496,0.2278979413566968,0.0016620049454781453,0.0011421836036449248,21.113243761996557,-0.04537794035523035,-0.035190268473364074,-0.010187671881866277,0.24687329646186212
EDGF,0,0.0016620049454780794,-0.0004045307443364399,-0.0006066734074823277,-0.006832797427652637,0.0009803206701828326,0.0006925067529532924,-0.0033356592868061252,0.0012485943351973226,0.001060789621949344,0.0028512037806353954,0.13454139709826307,0.001529745042492947,0.0011245080166742652,25.543478260869747,-0.04264696639610577,-0.03668308647325116,-0.0059638799228546105,0.3418140171856361
EDGF,0,0.00040469445568591667,0.0016207455429497752,0.0,-0.008423586040914643,0.0010609950675877222,0.0010974814622826123,-0.002509865952175394,0.0009066277955317634,0.0010690891935143275,0.0028038176061983867,0.09910264948719141,0.001618122977346244,0.0012050207807010414,22.74436090225538,-0.03928368543360605,-0.03720361867341962,-0.002080066760186433,0.37802548201243424
EDGF,0,0.0004045307443365509,0.0020259319286872746,0.0014172909495848707,-0.0072260136491368865,0.0010605655810036474,0.0013605221813706159,-0.0017438199344452787,0.000888321358928207,0.0010124506579425713,0.002808120349327639,0.10728752007821775,0.0012131014961584141,0.0013666038027852236,51.98412698412729,-0.0354605690804739,-0.036854787656906744,0.0013942185764328416,0.4131151947623018
EDGF,0,0.0014152850788515803,0.0030376670716889542,0.0032408345148877693,-0.0078125,0.0018690227680955296,0.00245300432311657,6.259224784921358e-05,0.0009965846633566153,0.0010654123983814994,0.0027848940735968122,0.2989336854585082,0.0008075913587724439,0.0013661131640496389,54.68164794007531,-0.029456161093229127,-0.03537431165365356,0.005918150560424433,0.5033328416704497
EDGF,0,0.0006056935190794643,0.0044995743645872555,0.004051863857374549,-0.008006405124099225,0.0015763307869527399,0.0026543229857898254,0.0010725777618878496,0.0005965718269689221,0.001051586214885324,0.0027808370682438155,1.6044757877239726,0.000807102502017739,0.0011951326753575574,60.29962546816463,-0.023298268896692065,-0.032958122979693964,0.0096598540830019,0.5634040554392238
EDGF,0,0.0004035512510087713,0.0032375556454875554,0.0028317152103560783,-0.007208650380456483,0.0013329563355819474,0.002774923750272995,0.0018408168296324412,0.0004383886654283322,0.0009618374767627569,0.002786607591927684,0.9877749871395286,0.0024203307785396824,0.0013732498225669048,62.86764705882365,-0.017461179938795368,-0.02985772823589622,0.012396548297100851,0.6236891585387376
EDGF,0,-0.0016135538523598392,0.0012135922330096527,0.002836304700162051,-0.009207365892714203,-0.0005249767798731764,0.0008734895909157103,0.0006893637839400224,0.0011185325135866192,0.0009608344612384403,0.002794137899405557,2.3173882884934103,0.0008080808080807908,0.001211241388713814,59.581881533101026,-0.01571479941119236,-0.027028407937410574,0.011313608526218214,0.5579074512600743
EDGF,0,0.0,0.0008087343307723316,0.002836304700162051,-0.010395841663334737,-0.0006863972221100578,0.000590247176111891,0.0012156173455042385,0.0011185671332920798,0.0009608344612384403,0.0027693894016558715,1.0080218502900689,0.001212121212121258,0.0012110453319063828,61.7328519855599,-0.014167621796968177,-0.02445571638219089,0.010288094585222712,0.7154499340212341
EDGF,0,-0.00121212121212122,-0.00181708055723806,0.0012150668286754485,0.0,-0.001534857419823954,-0.0007437829447338729,2.022657812794648e-06,0.0009928026384568478,0.0010682243643107834,0.0009765361623840952,0.6772497073311935,0.0014077669902912869,0.0013310804582101514,56.62251655629126,-0.015077801870400975,-0.022579821793382332,0.007502019922981357,0.50035848574711
EDGF,0,0.0020226537216829765,-0.00040355125100899336,0.004094207304714326,0.0012126111560226693,0.0005655194700273647,0.0008687395195667857,0.0019638815684355215,0.0014400399548729031,0.0011600433060952881,0.0010632780125744289,1.0750074285070237,0.0024222850222043713,0.0016541169622474778,58.012820512820596,-0.011797588169002893,-0.02042308838946445,0.008625500220461556,0.8335491109273044
EDGF,0,-0.0008074283407347727,-0.0016135538523598392,0.0016187778227438887,0.0010111223458038054,8.081461128162104e-05,-0.00010099989900003159,0.0011042483223919763,0.001440238941457371,0.0011260808768516072,0.0010708467964075426,1.7675201140828944,0.0016161616161615817,0.0014932831297718577,61.986301369863,-0.010627265841421263,-0.018463715523594416,0.007836449682173154,0.6847466290860406
EDGF,0,-0.00040404040404051766,-0.00040404040404051766,0.0008090614886731018,0.0008090614886731018,-0.00024246342843303736,-0.0005857520854795073,0.0006592864336647519,0.00125930587143173,0.0011357402792207252,0.0010743046189629771,1.295562970296223,0.0016168148746969564,0.0016550299430950909,59.933774834436775,-0.010357873993395827,-0.016842409292074208,0.00648453529867838,0.6097325660014454
EDGF,0,0.004446240905416454,0.004040404040404066,0.0048524059846339895,0.006276574205304808,0.0033917467495760967,0.0033714897139280886,0.0047934916877092615,0.0023912191084401162,0.0017926570354862012,0.0014278828260967126,0.7880155041177939,0.0028169014084507157,0.0019759859823609825,69.9004975124376,-0.0015495001875294179,-0.013783619300705615,0.012234119113176197,1.1448956823854775
EDEN,0,0.0001529545130758425,-0.06662392555869323,-0.017286495167184057,-0.021209979570613546,-0.017539949416837564,-0.03382995884827866,-0.022541450671217267,0.01235909797326727,0.016633142776035576,0.014157779657796004,0.4589944070311608,0.00856326891583196,0.010730591286057852,44.91649589905998,-0.3277412449319286,0.09743880372149488,-0.42518004865342346,0.2925247707516811
EDEN,0,-0.014807228136529904,-0.0653916301896803,-0.047501487008949184,-0.021209979570613546,-0.018797698579184563,-0.04359622654859052,-0.022541450671217267,0.012307652478143806,0.01577628607681646,0.014157779657796004,0.7477568680747203,0.0128281776394804,0.011926681781456241,41.38580514666654,-0.5597275527965024,-0.03878750470610938,-0.5209400480903931,0.2925247707516811
EDEN,0,0.012923089477913985,-0.033817581859717394,-0.0401674681164208,-0.021209979570613546,0.0008457745454291121,-0.0272930630475694,-0.022541450671217267,0.0160619349904311,0.01649100330400952,0.014157779657796004,0.23421480322614943,0.007470679051536369,0.010808921492262697,49.62486909868168,-0.6403616606192486,-0.16258698136980781,-0.4777746792494408,0.2925247707516811
EDEN,0,-0.017367073842465053,-0.02179496120652069,-0.07544052772692134,-0.021209979570613546,-0.0122070576420521,-0.03667307568815148,-0.022541450671217267,0.012252927729798664,0.014553477587110116,0.014157779657796004,0.2990039537712895,0.002851798281613237,0.007543521406627357,41.71140673964773,-0.8166390147201525,-0.29641083328803786,-0.5202281814321147,0.2925247707516811
EDEN,0,0.0067257880097923994,-0.012660263553736395,-0.06417233240742959,-0.021209979570613546,-0.0030208227426260503,-0.02370132976385786,-0.022541450671217267,0.013252542372639583,0.015256162839874876,0.014157779657796004,0.5473798166379106,0.003050513169612425,0.006952887411614877,41.930964740155225,-0.8940300012084066,-0.4181273160986342,-0.4759026851097724,0.2925247707516811
EDEN,0,0.007702412968310313,-0.005207523162510719,-0.07148450308567966,-0.021209979570613546,0.005716168806327859,-0.008672948034243788,-0.022541450671217267,0.014033768225675827,0.014142074966093312,0.014157779657796004,1.0835577744202851,0.005446493907393831,0.006329532409927252,38.97320144498665,-0.8868155520954133,-0.5132356183851497,-0.37357993371026355,0.2925247707516811
EDEN,0,-0.0009197546969420545,0.00881526962945367,-0.0571528054118583,-0.021209979570613546,0.003029815023769089,-0.0036027300216345814,-0.022541450671217267,0.011806755906322037,0.013904597237190805,0.014157779657796004,0.8442143178748311,0.006946276268354806,0.005153152135702134,36.897542929987246,-0.8773784071795916,-0.5869136257349395,-0.29046478144465204,0.2925247707516811
EDEN,0,0.002198188692517311,-0.0018661372709909418,-0.035620610880785164,-0.021209979570613546,0.005612656144348138,0.0022843782750332497,-0.019351967854223107,0.010140330548356872,0.013107713215917258,0.014157779657796004,2.772167292338603,0.009095455343042605,0.0054781073940033806,29.322605209523203,-0.8430314365297704,-0.6386140400495892,-0.2044173964801812,0.32451118328555284
EDEN,0,0.005526408141779182,0.02138848711209973,-0.0008726353412954468,0.0022728465238304185,0.006905934644271472,0.007912130317937027,-0.014042741426397054,0.003557180592775374,0.009634198412451245,0.0136343174659896,0.5038301995337149,0.008288114726563758,0.006565370682993485,32.89560741480044,-0.7641432667042665,-0.6639065108750484,-0.1002367558292181,0.37234346493454823
EDEN,0,-0.0019256626172782232,0.012611030358183006,-0.00020889216357211637,-0.011927096829921324,0.0024576553106001597,0.005992375898157265,-0.01535655119140178,0.004110815531047162,0.009617029213468265,0.013331826088244044,0.6838265820532591,0.002613883128826905,0.006478044674836381,24.6115688166456,-0.7088966332731559,-0.6729579657133569,-0.03593866755979902,0.3615890916423677
EDEN,0,-0.003911208400793065,0.0009408378991644373,-0.004271584698498421,-0.0214842391374358,-0.001650571303751569,0.002488673570244515,-0.018150528657784992,0.003709363261816144,0.009696377637933185,0.013265935979677512,1.0996673863570052,0.006566510271033081,0.006702047947564231,27.178902215786422,-0.6883778984698665,-0.6760565850809034,-0.01232131338896314,0.3384524843881081
EDEN,0,0.009773410635956381,0.011653917172250061,0.020571919223816293,-0.02790676453889207,0.005770693645873015,0.010225052300070425,-0.007141557494398376,0.005538548612569839,0.008698494728817847,0.012882495087633963,1.9147864061362747,0.007127001427138519,0.006738192979320974,38.2334834834835,-0.5869262315396355,-0.6581629139945749,0.07123668245493942,0.4357433451799688
EDEN,0,0.006251770886025243,0.01574574486752045,0.013850223875172762,-0.026873572667159284,0.0088929206948416,0.015131037513518075,0.0004456758318613918,0.0058043223736126675,0.008001773812046146,0.012913124966445028,0.33425711215428994,0.005827698106753906,0.006084641532063234,55.04152737397368,-0.45056619065569237,-0.616517704403955,0.16595151374826267,0.504110603361195
EDEN,0,0.006542880266586781,0.01677254757224289,0.03851977410192853,-0.03982670571116398,0.012103145893829215,0.017915160779603756,0.009098907621046814,0.005925214249365431,0.004631695851360438,0.012057183493042224,1.857876093399841,0.008237208256602077,0.0060744602380708975,59.6148785379178,-0.2853643608195142,-0.5501265116327947,0.2647621508132805,0.5920943701050878
EDEN,1,-0.0177822095523813,0.0006189395502371742,0.013237775373878158,-0.051784055955178876,-0.006016526560096325,-0.0014899138355410901,-0.006155307552646705,0.011277909870680223,0.008097087859240367,0.012550931160403341,8.819634770769822,0.009610344225056739,0.007473752457316863,50.112431737873415,-0.3013974265265915,-0.5002842857254637,0.19888685919887217,0.4312692565183552
EDEN,0,-0.005504106237987028,-0.0009812026841773402,-4.12879376850972e-05,-0.07152283957565586,-0.011295533779679179,-0.006981747935450366,-0.007848568911118514,0.011443474790627378,0.008021736441854853,0.011803880191192991,0.6883067725757163,0.011069138188526796,0.008374278040815608,54.55362941499727,-0.3558164322101476,-0.47134593509375317,0.11552950288360558,0.38193493560933706
EDEN,0,-0.010542036370025487,-0.021080279587051165,-0.009672030247076524,-0.06627205199628594,-0.017579251776216442,-0.016506415629994886,-0.014875872873068241,0.010618937077787967,0.008696388913646986,0.011557519232163312,0.1502276888408995,0.014560951789043777,0.009861068113196658,43.35037819165678,-0.48132558725036745,-0.47334433942981835,-0.007981247820549098,0.1891970718174845
EDEN,0,0.00685874101038797,-0.020489796129897098,-0.005066678364625377,-0.04050681106692611,-0.00673060938273784,-0.0092612807837531,-0.006038097789934027,0.010770771053927989,0.009002586706412801,0.011057004785730214,0.06837978602013264,0.0030634245276779017,0.009308213397381459,55.65610001327945,-0.5172767429890541,-0.4821395304769859,-0.03513721251206825,0.33371523267867226
EDEN,0,-0.003637485946077157,-0.030396748709798693,-0.014134032051332346,-0.014994333536744842,-0.004164371488377339,-0.011466083549182327,-0.00890655218553471,0.009090536928538173,0.008788094547700555,0.009001296803171117,0.12841343298634067,0.005044694220727438,0.00866971059020653,50.12450492137558,-0.5697472971819906,-0.49967497682992085,-0.07007232035206973,0.2589082776874164
EDEN,0,0.0007682095760688235,-0.012084571029180369,-0.011473111097900834,-0.011679606618472782,-0.000963547920208363,-0.009569469351403792,-0.007563548711946311,0.006580668617078316,0.008811026616646558,0.008995849601110517,0.07583049785100286,0.008733887057292038,0.00849441915665359,45.975937390491815,-0.5977495745570423,-0.5193023366926005,-0.07844723786444174,0.29826706271160625
EDEN,0,0.002427553662643245,-0.004205394008609309,-0.0051824703488975166,-0.009431917686353208,0.0023094855677932014,-0.0066513721067574805,-0.004682941589608136,0.00660469853607233,0.008815776491193226,0.009019533539263165,0.14129783229943543,0.0037935162631571656,0.007039294771579663,48.024908990393094,-0.592306419901476,-0.5339105605838893,-0.05839585931758673,0.37528518233697655
EDEN,0,0.010839752168700256,0.01731332682233866,-0.004131922534709398,0.01635499511248395,0.00969227032893527,0.004534784581293971,0.0052922609999463965,0.005583408382192686,0.008958925505449338,0.008685602445462362,0.07775133110730079,0.012305812532728319,0.006588266920316573,52.83940334671004,-0.48926174404397216,-0.5249771734635714,0.035715429419599265,0.644439052316933
EDEN,0,0.03219410019200564,0.042911752386411095,0.021542703198540014,0.03569129833588902,0.033336018560570224,0.03461259064652422,0.0358047720720307,0.014237774398725615,0.013630165051726331,0.010885958033545086,0.1126355487415929,0.016393165399496746,0.00925421509468034,63.42764872105396,-0.125625879067087,-0.4450809867893322,0.3194551077222452,1.2202982924319865
EDEN,0,-0.0010044914635135571,0.04566775820869107,0.013882858128482889,0.052937396789409785,0.023073223640949214,0.03211263629084504,0.03207968336511624,0.013714865196823802,0.013572824702987984,0.009942783314129941,0.1802631505056915,0.0059246720270841186,0.009430210655951676,63.90560986792479,0.15134395595563888,-0.32576502204489227,0.47710897800053115,1.0754588675028969
EDEN,0,0.0075404147270417,0.052743798904814954,0.040021841691420645,0.05378941721565855,0.020249712456997138,0.035750434408928555,0.03710958072391679,0.013009378711137803,0.011834451215396996,0.00996209874899921,0.2672624426816615,0.010424148338932218,0.009768262912279713,68.25527527369842,0.4338980794622529,-0.17380084001766527,0.6076989194799182,1.075503914946317
EDEN,0,-0.025165300329550555,0.023765938282137133,0.01946059913906706,0.019418507713377275,-0.00999667454322739,0.00774313948636407,0.010037823803733303,0.02077260112144428,0.014839456412474387,0.011655310567080543,1.8168648800205613,0.013960077624925378,0.011801575184633355,53.12275211064975,0.421996285414167,-0.05462161288564635,0.4766178982998134,0.6552747945901332
EDEN,0,-0.055368080713377066,-0.043288532030022586,-0.02672467371037901,-0.03613822210498552,-0.05682926338210592,-0.04555884915049768,-0.044176410226719476,0.03333068970923257,0.023374361964572907,0.017182310892504892,2.5585610708310096,0.013136288998357943,0.01196767047775928,35.72266993286664,-0.08299006926174002,-0.06029605842405209,-0.022694010837687927,-0.07842353291886651
EDEN,0,-0.026341908410874026,-0.09754389999729429,-0.05881792729437185,-0.06358659413932277,-0.06307448271866445,-0.06527218770432741,-0.06640470371699114,0.024683405443482114,0.024246145505522287,0.018007214934657796,3.646722510304481,0.009159355547144029,0.010520908507288738,29.31152413845517,-0.698637519738412,-0.1879779281521878,-0.5106595915862242,-0.17268174718324736
EDEN,0,-0.02550678144593388,-0.1196783749471011,-0.0794760598283033,-0.09248677470270883,-0.06372958069019885,-0.08189373694582813,-0.08598041057679096,0.02226644769650401,0.02500630999924728,0.01855150271039921,1.5085424356461834,0.017192577636765728,0.012774489629225057,28.52833848379251,-1.3818604669430101,-0.42677475049733243,-0.9550857164456776,-0.1717355002989458
EDEN,0,0.0060128833765984435,-0.12101302997541175,-0.07465191798848214,-0.08526853933762979,-0.03302140495302597,-0.06943938016815565,-0.07652676544134285,0.02171249177585362,0.02526342627893132,0.018697764811570282,0.41901836107737367,0.0072633162390549,0.012142323209249595,31.104242533847383,-1.852736626761967,-0.7119865362585658,-1.1407500905034011,-0.019600007205912925
TZA,0,0.00692307692307681,0.04302788844621497,-0.01726726726726735,-0.16955266955266957,0.0018368284096128562,0.025460242851547132,-0.067206732470801,0.035897627669951145,0.031019699862817992,0.029494191403347192,0.796913676771737,0.039724980901451455,0.03941849823134076,40.3990024937656,0.002281143349044612,-0.0327654448859237,0.03504658823496831,0.11790086660203292
TZA,0,-0.035141329258976284,-0.04607250755287007,-0.005511811023621971,-0.16955266955266957,-0.024258343634116053,-0.010032920520457678,-0.067206732470801,0.02897971619838891,0.029335574333830536,0.029494191403347192,1.212522865106818,0.07323832145684868,0.04553141932029359,36.24161073825505,-0.015937892247615437,-0.029277202748979873,0.013339310501364436,0.11790086660203292
TZA,0,-0.041171813143309643,-0.05316653635652857,-0.026527331189710623,-0.16955266955266957,-0.05449718925671476,-0.048330058939096254,-0.067206732470801,0.03065469826774609,0.031572406513066,0.029494191403347192,0.9336925958943093,0.037572254335260125,0.0463218670599023,37.327188940092164,-0.06109989026853846,-0.03582607460829991,-0.02527381566023855,0.11790086660203292
TZA,0,0.03303055326176718,-0.052990158970476986,0.0212244897959184,-0.16955266955266957,-0.012472371329333876,-0.01890047839385156,-0.067206732470801,0.030722728463855695,0.03301857244950952,0.029494191403347192,0.777010218494305,0.03836930455635481,0.04824251071152147,41.12554112554113,-0.07003014409781017,-0.042824478553194024,-0.02720566554461614,0.11790086660203292
TZA,0,-0.047162270183852883,-0.08307692307692305,-0.037156704361874016,-0.16955266955266957,-0.042724060391904906,-0.06178669815033466,-0.067206732470801,0.03499314134317451,0.03634615014709691,0.029494191403347192,0.9847223720670447,0.041728187919463,0.046126609833875606,36.53846153846155,-0.1132089884568277,-0.05715961947517898,-0.056049368981648716,0.11790086660203292
TZA,0,-0.00251677852348986,-0.09167303284950334,-0.052589641434262924,-0.16955266955266957,-0.02636750736980009,-0.05926101748556045,-0.067206732470801,0.033627701932831634,0.03586584226038408,0.029494191403347192,1.145946020165847,0.044566862910008526,0.04709498623558702,41.21475054229936,-0.1469398194628102,-0.07537821713553527,-0.07156160232727493,0.11790086660203292
TZA,0,-0.002523128679562725,-0.06096595407759309,-0.10422960725075536,-0.16955266955266957,-0.01642063360424617,-0.05127589792816589,-0.067206732470801,0.032767551187785196,0.029205937735994204,0.029494191403347192,0.7370685352019407,0.01770657672849908,0.03598863728991711,43.37899543378996,-0.17312013434665197,-0.09515460682735039,-0.07796552751930158,0.11790086660203292
TZA,0,-0.029510961214165188,-0.04954582989265066,-0.10007818608287722,-0.16955266955266957,-0.0358519014910369,-0.06974864624585786,-0.08629038659998423,0.030515961146846408,0.028838932402385255,0.029494191403347192,1.5967191021639902,0.09035621198957436,0.04654542882077996,41.85022026431718,-0.2144285878646972,-0.11923147292835082,-0.09519711493634639,0.008210559710076532
TZA,0,-0.04170286707211124,-0.11830535571542766,-0.1650264950794853,-0.1650264950794853,-0.05256828723587015,-0.0925545043192102,-0.11675208199871889,0.021217351059440948,0.02599703998775829,0.02916234404053445,1.2820429831668192,0.051477787851314606,0.04916712547977191,36.19631901840491,-0.276051652299941,-0.15082865485404234,-0.12522299744589865,-0.0746820469336271
TZA,0,-0.024478694469628248,-0.09731543624161076,-0.17230769230769227,-0.19279819954988753,-0.056967572304995606,-0.09814768250775296,-0.1294146203325378,0.017266501528525085,0.026077296859160836,0.02905830153225322,0.7865150714232584,0.022295539033457126,0.045280595702570745,32.06412825651303,-0.33891386912237564,-0.18866906808161377,-0.15024480104076188,-0.06284015034411683
TZA,0,0.04275092936802971,-0.056349873843566045,-0.1428571428571428,-0.1576576576576576,-0.004966300106420629,-0.0446185286103542,-0.08441796890938014,0.033271509952645016,0.03178375671200921,0.031344966687899024,1.1523561421884372,0.05614973262032092,0.04759716964463322,28.781512605042053,-0.3521137124255169,-0.22151309849879888,-0.13060061392671804,0.13888885164364884
TZA,0,-0.02049910873440286,-0.07335581787521073,-0.1298495645288995,-0.13464566929133848,-0.010088272383354413,-0.050949913644214195,-0.09688552880269541,0.03308466605486619,0.031074076351500036,0.030181952120239643,1.0346860722071194,0.02683348498635124,0.049422551296203654,30.17621145374453,-0.3742244285105141,-0.25217118748663386,-0.12205324102388021,0.11262225521165496
TZA,0,-0.030027297543221088,-0.07384882710686358,-0.11973575557390581,-0.14308681672025714,-0.02488108305890946,-0.06777437691298638,-0.11754966887417218,0.03314325314508764,0.030152715472024926,0.03048430746250183,1.0302516882277357,0.035806754221388404,0.03851265974256646,21.34831460674158,-0.4102223372256848,-0.28387724310764,-0.1263450941180448,0.07157009000551791
TZA,0,-0.015009380863039379,-0.04805077062556662,-0.1606714628297362,-0.1428571428571429,-0.030112691668206182,-0.06533736870215412,-0.12445278298936846,0.02969517360280138,0.025620818144355288,0.030480708894685325,1.1444298757859122,0.042847619047619,0.036786625981827345,21.590909090909108,-0.44481739616810323,-0.31614328822982274,-0.1286741079382805,0.08500625629926715
TZA,0,0.04095238095238085,0.01579925650557623,-0.08305369127516782,-0.11712439418416809,0.006445672191528473,-0.018410417602155338,-0.08305369127516771,0.0353053156704045,0.02904423722554668,0.03212644369404049,1.1368484548079947,0.02560841720036593,0.0374492016152091,27.215189873417728,-0.4358606657528572,-0.34013316690841994,-0.09572749884443726,0.23223738912063474
TZA,0,-0.020128087831655872,-0.045454545454545414,-0.09924306139613115,-0.14661354581673303,-0.004461795872838681,-0.027866025233729608,-0.09452147446736547,0.02841455373780556,0.029191102422817004,0.03193898870046594,0.9771952366400204,0.03152194211017741,0.03252364351318039,28.66666666666667,-0.439662607919324,-0.3600699057196347,-0.07959270219968928,0.20564885190922214
TZA,0,0.05882352941176472,0.031847133757961776,-0.04384485666104554,-0.14350453172205435,0.04728481714074628,0.03419972640218871,-0.03349526975198169,0.0400929510325073,0.03647781601283971,0.03234316984892266,1.2064982575257577,0.06878306878306872,0.040913560272523894,41.64859002169197,-0.3917708372433406,-0.3664179505232094,-0.025352886720131196,0.39013516153568745
TZA,0,-0.02733686067019403,0.03470919324577859,-0.04170286707211124,-0.1376075058639562,0.011740964960557765,0.010350828982321092,-0.05281236582224136,0.03948654490478082,0.03631421189566857,0.03208665270491935,1.3419596064758916,0.06164097914777878,0.04608040525780197,33.6283185840708,-0.3724994003248998,-0.36763544623289685,-0.0048639540920029645,0.32349664313827564
TZA,0,-0.0380779691749773,0.010476190476190528,-0.0380779691749773,-0.19682059046177147,-0.028744049798608562,-0.024367816091954042,-0.07859313938341306,0.04387244325744009,0.03590815592056247,0.03137591503537352,1.44494951384625,0.048539114043355217,0.04721870425694921,34.94252873563218,-0.384048968245704,-0.37092075352405796,-0.013128214721646048,0.22327734192813287
TZA,0,0.022620169651272448,-0.007319304666056681,0.008364312267657992,-0.16538461538461546,-0.005317198386505351,-0.0031238515251745813,-0.04887135656366437,0.040530527310939785,0.03591090303912508,0.03219443916766856,1.1130079487208404,0.04411981566820276,0.050920983950516585,38.596491228070164,-0.3708673702484315,-0.37091007009750665,4.269984907512292e-05,0.3143357504353885
TZA,0,0.010138248847926468,0.023342670401493848,-0.02317290552584672,-0.16271963330786854,0.00018251505749233843,0.009393995210904338,-0.030174320856561132,0.03916297949412773,0.03311072513891732,0.03228345859436081,0.9738044726592232,0.0419708029197081,0.053010756112422716,40.30172413793105,-0.3480914778009332,-0.36634403638404095,0.01825255858310776,0.3673681039541955
TZA,0,-0.022810218978102204,-0.05555555555555547,-0.02547770700636942,-0.15201900237529686,-0.011262924667651442,-0.011080332409972415,-0.04417670682730912,0.02606093113491158,0.03326303914999434,0.03185980472644265,1.023507967629632,0.0438748832866479,0.048029119013138555,41.18942731277535,-0.34497887180196685,-0.3620692694161341,0.017090397614167252,0.28420515219949327
TZA,0,-0.045751633986928164,-0.07343608340888474,-0.04127579737335829,-0.15606936416184958,-0.04217432052483594,-0.05247543111440767,-0.08014940821745176,0.02994250174401324,0.035054129831475274,0.032128130718553166,1.1962922201366075,0.037172211350293465,0.04313536545364149,41.098901098901116,-0.37542018524609766,-0.36474031938740026,-0.010679865858697402,0.11093308856556021
TZA,0,0.041095890410958846,0.002827521206409056,0.01333333333333342,-0.14948041566746595,-0.0033720494567253123,-0.014814814814814836,-0.03421984206226736,0.03504013576508003,0.03744388822250347,0.03271498691992247,0.8651803251883106,0.030075187969924838,0.03944258023895541,48.72340425531916,-0.36319463983696565,-0.3644311032002015,0.0012364633632358513,0.3020848757183079
TZA,0,-0.009398496240601628,-0.02857142857142858,-0.03568161024702654,-0.115771812080537,-0.006971923874128705,-0.020537124802527673,-0.037267080745341685,0.032979721317181875,0.034916950233892984,0.03137103830904763,0.739846533295525,0.027514231499051325,0.03612146340512513,42.16589861751151,-0.35703727590692047,-0.36295203055017433,0.005914754643253861,0.2665037870773855
TZA,0,0.00189753320683117,-0.03649635036496357,-0.01400560224089642,-0.11185870479394444,0.0024681982153027526,-0.01730876605248466,-0.029545558976244002,0.032209414376137176,0.034413302464452726,0.031409892027695736,0.8011753667981549,0.026496212121212104,0.033026545245425934,44.794188861985475,-0.3465948883675658,-0.35968005846404033,0.01308517009647453,0.29064492787246676
TZA,0,0.02083333333333326,0.006535947712418055,-0.04938271604938271,-0.0910623946037099,0.02199469093667039,0.008419083255378768,-0.00438697760332496,0.032760447160091806,0.028715291825203527,0.03195388111322953,0.7911069352287513,0.04730983302411872,0.03371353519292009,51.492537313432834,-0.31763701930636223,-0.35127033278822417,0.03363331348186194,0.46136497330378157
TZA,0,0.014842300556586308,0.0704500978473579,-0.008159564823209453,-0.04952215464813203,0.023194912083800867,0.024248665855256757,0.013056764515232855,0.019205755025922276,0.028108729867592615,0.03164835323821959,1.1640807248164704,0.06398537477148074,0.03907616787715754,55.47263681592039,-0.27906296497158145,-0.3368273233806998,0.057764358409118366,0.6334544163654948
TZA,0,0.029250457038391353,0.05827067669172914,0.061262959472196066,0.020852221214868516,0.04105029585798814,0.04783175134933915,0.04157994542343091,0.015348568350658634,0.026088184230198146,0.030939913338576125,0.9985969294046356,0.04084369449378324,0.041229869181929224,54.21994884910486,-0.22106742797407897,-0.3136733745792502,0.09260594660517124,0.9023541490912574
TZA,0,0.06305506216696277,0.1356736242884251,0.10322580645161294,0.11245353159851312,0.0781841109709962,0.10241296739731065,0.10109465550547347,0.022998683476359305,0.03148000280977386,0.03318373990618827,1.2464431507396219,0.053884711779448584,0.04650396523800868,64.3181818181818,-0.11840075760885327,-0.27461619309113844,0.15621543548228517,1.2220820888907866
KOID,0,-0.0005763688760805907,0.04373996789727119,0.019800039207998443,0.007111813512445719,0.02164264110923453,0.02707635469633729,0.023519210660731815,0.01683069928253164,0.01598544565014799,0.013054329502449611,3.874417243325737,0.008961937716262988,0.02840132119659054,59.8110668834446,0.06067777103899985,0.0038055818259615506,0.0568721892130383,0.837564209276338
KOID,0,0.0034602076124568004,0.036331149493746384,0.027356819523715714,0.007111813512445719,0.017861321269791786,0.02780953311062806,0.023519210660731815,0.01693125759387733,0.015847547369956732,0.013054329502449611,6.772449065146307,0.007122605363984681,0.02908333680978852,60.8000218734621,0.09421261570829387,0.022546371520271148,0.07166624418802273,0.837564209276338
KOID,0,-0.006513409961685923,0.04283128896038613,0.019152841483018657,0.007111813512445719,0.0029007928833881813,0.01915925060941248,0.023519210660731815,0.015246850397903152,0.016121604900173142,0.013054329502449611,2.903809720087502,0.011141534901658376,0.029811543247188377,60.08376114563637,0.10816405485493163,0.04016585248667035,0.06799820236826129,0.837564209276338
KOID,0,0.00655611261087552,0.03530345101150334,0.04754489191423783,0.007111813512445719,0.0025736565128875455,0.021086811940064898,0.023519210660731815,0.014952070971775436,0.014016762330100133,0.013054329502449611,1.703965490359129,0.011494252873563244,0.02949238509520528,60.28336380255947,0.12798203867654223,0.058133689443767914,0.06984834923277432,0.837564209276338
KOID,0,-0.006513409961685923,-0.0036503362151776297,0.026320997427270898,0.007111813512445719,-0.0032290305220266102,0.011803726465710485,0.023519210660731815,0.005864378564490161,0.014009780086699846,0.013054329502449611,1.3327998174941293,0.020439645198611692,0.011831995210816196,55.71297989031081,0.1308697985090781,0.07294777815441843,0.05792202035465967,0.837564209276338
KOID,0,0.003085229463941408,0.0,0.04373996789727119,0.007111813512445719,-0.00015376335819161646,0.01062693062382225,0.023519210660731815,0.006109872991384795,0.012786563126833177,0.013054329502449611,0.16802154452499402,0.012614379084967287,0.012562483484557055,58.17655962806792,0.13662917715686973,0.0858702909917045,0.05075888616516523,0.837564209276338
KOID,0,0.004998077662437428,0.0015325670498083088,0.03791939646615061,0.007111813512445719,0.0045346245484589875,0.01192319603592451,0.023519210660731815,0.006360246786828349,0.012602321861361714,0.013054329502449611,0.2528130808478821,0.0034429992348890535,0.01182656225873793,59.19459901368711,0.14789342892071744,0.09841960228610022,0.04947382663461722,0.837564209276338
KOID,0,-0.024866105585309994,-0.016968762051677633,0.02513573295797311,0.007111813512445719,-0.01712038250944703,-0.015621077835061614,-0.002283319049949939,0.013059322230654986,0.014771831807872988,0.013054329502449611,0.7040056740755821,0.027461749705766942,0.015090605219559645,57.33919174372856,0.11182039863099646,0.10112471178640119,0.010695686844595279,0.46698855787642574
KOID,0,0.01922322479403693,-0.0045977011494253706,0.030543435144783748,0.03162375514223559,0.0027016595908915253,0.00032728182815766615,0.01531353081142428,0.01629004043757489,0.01531298746896559,0.013634483851083448,1.195310779904113,0.011547344110854531,0.015101223467017899,58.81627620221947,0.11542727050328594,0.10400648727977985,0.011420783223506092,0.7211001133477268
KOID,0,-0.011162432640492659,-0.009255688391824113,-0.012872238232468636,0.014012236037102888,-0.0066506844018251465,-0.0095612614696583,0.0032842033898041745,0.016820673465129773,0.011888093628232236,0.013883601813880502,0.44923990271930403,0.016738030362008553,0.014360900499697274,59.624999999999986,0.09715415090527912,0.10262788215659614,-0.005473731251317018,0.547837379295397
KOID,0,0.01790579992214858,0.005382545174932529,0.005382545174932529,0.025289158988433647,0.010042487446890513,0.007629469790382037,0.019964190090901557,0.019043472865669462,0.013348184583596545,0.014352753096827568,3.9252437917943963,0.01338049713193123,0.014514124109090063,61.50178784266983,0.11343866729410834,0.10480029812847103,0.008638369165637316,0.7811851119857668
KOID,0,0.0034416826003824674,0.0038255547054322214,0.005363984674329414,0.03286754575870887,0.012736395214203,0.010552260648540424,0.021810633645256816,0.01897888346873551,0.013347747480595175,0.014304865881880664,2.9592129811568837,0.01063262195121951,0.015952048652356155,67.33921815889028,0.13102375587152437,0.11006487870015214,0.020958877171372237,0.7975429796329475
KOID,0,0.009908536585365946,0.039623381718320916,0.021982259930582337,0.04155612415349008,0.014859068627451011,0.018329938900203624,0.029815289997928707,0.01240576369696139,0.01338337759708089,0.0144212601939143,0.41790489221514066,0.009811320754716905,0.012421962862146146,66.62371134020616,0.1614336565770209,0.12036977892540306,0.041063877651617856,0.8828813886202096
KOID,0,0.007547169811320753,0.02771362586605086,0.02298850574712641,0.07162638368238117,0.016910420475319876,0.023655254380247737,0.03400201378669343,0.010716801532171324,0.013422357550947237,0.013412767025003686,0.5194869117494537,0.012359550561797822,0.012584404152334805,60.336906584992335,0.19741729330205615,0.135816629994913,0.061600663307143144,0.933272148938409
KOID,0,0.006367041198501955,0.04593226936551176,0.036251446201311266,0.06352661785078162,0.014268458402536766,0.026473621881804688,0.037361619164358206,0.0054788455728399,0.013090490752173218,0.01320542677724826,0.624143144628376,0.013896538890956463,0.012016105858124387,62.57309941520464,0.23532962919263056,0.15575780167015502,0.07957182752247555,0.9482236272553518
KOID,0,0.016933382954968268,0.0449330783938815,0.05055747789311793,0.09650882825040119,0.022374377969843318,0.03863770264363242,0.05005283888942258,0.005088550456938969,0.01374103382643157,0.01292291323097011,0.8830180854441658,0.01280878316559932,0.011901763064858004,66.18229854689558,0.2949727331490557,0.18364393967440576,0.11132879347464994,1.065225650495757
KOID,0,0.0005489478499542955,0.04192073170731714,0.04590665646518732,0.08556680563827679,0.014584183768137526,0.034489282403465715,0.046296916409142685,0.005947625256385544,0.013814003385171095,0.012875702662339738,0.66940221867236,0.007198244330651048,0.011214887540744312,69.42148760330575,0.33919973327952846,0.21479365988128696,0.1244060733982415,0.9944660488638702
KOID,0,0.009875640087783522,0.04188679245283011,0.08316987053746572,0.11039613915141766,0.016231734697633282,0.0363919596103679,0.0511087846197773,0.00594536489986662,0.009173534967648606,0.012292817634949622,0.8827816173481304,0.010068815646504843,0.0112663865191019,70.24128686327073,0.3895593828007513,0.2497814546988526,0.1397779281018987,1.0407192797015132
KOID,0,-0.004346251358203546,0.02958801498127328,0.05812163202463427,0.09044030146767157,0.005964796721191545,0.026071701845734596,0.04201808085211223,0.008236744915858732,0.009012813554439556,0.012300715442937234,0.31426190343907995,0.014186977082575504,0.011631871823257436,71.195652173913,0.41556790108165487,0.28296503471611717,0.1326028663655377,0.942966608318798
KOID,0,0.007821025827573713,0.031075548939337505,0.07843518878941214,0.06455331412103749,0.007674401687640886,0.026377208906012584,0.04683455819840909,0.008283957051686575,0.006791523474095314,0.010455452359080637,0.3114912041075892,0.008659086807435561,0.010584381406553257,72.21494102228041,0.44701683367702216,0.3157962037338539,0.13122062994316824,0.9522563635566096
KOID,0,-0.0034289839379173515,0.010430009149130948,0.055831739961759164,0.06151480199923087,0.002141483067765293,0.01735509782969169,0.04010095873123509,0.006475340194509958,0.006540875668256106,0.010528661460457167,0.36618338498136904,0.007968127490039799,0.009616250271441352,69.44444444444443,0.45937352179894475,0.34452623520352693,0.11484728659541782,0.8687832139424827
KOID,0,0.002173125679101773,0.012070226773957637,0.05449695121951237,0.06015325670498095,0.0019191077959228586,0.014221831244043859,0.03928786057692313,0.006418943851223332,0.006596579968842672,0.010529904627981552,0.43886454103172373,0.008312251535959539,0.00983905171250305,84.16927899686524,0.4682332668918505,0.3692776819208037,0.09895558497104684,0.846252849293012
KOID,0,-0.003097217202746805,-0.0009308221658819171,0.040916981132075536,0.06379868877747774,-0.0009981218215651122,0.007078019585672779,0.03286008780937655,0.005147261985812019,0.006872109491742051,0.010394681666986868,0.6475848277177627,0.00833807636952906,0.009492903857107892,78.79527587320956,0.46332763934218946,0.388093779577878,0.07523385976431146,0.7865161357554261
KOID,0,-0.006318811787864753,-0.002910149145143648,0.02659176029962551,0.050191570881225944,-0.006735068231249142,-0.0018728085172549092,0.023822645978302637,0.005602309918715876,0.007459477397255985,0.010569742029622652,0.34616670353301593,0.009485589201021582,0.008552626280797107,82.20973782771532,0.44099448269236774,0.39867666767560717,0.042317815016760574,0.7078463067070141
KOID,0,-0.019336008755928558,-0.02977801840822958,0.0003721622627463894,0.03663709988430397,-0.020081761927989272,-0.02120824704878632,0.0022477867494119508,0.008058954847727059,0.010024642719527656,0.011494028033957104,1.145696314942544,0.01934523809523808,0.010689856538357611,63.321167883211665,0.3782550135770748,0.39459148839735936,-0.016336474820284552,0.5203331604061803
KOID,0,-0.0025706845238094855,-0.028942412169503773,-0.01881427264409874,0.030792003075740038,-0.016872843866607146,-0.021893384485509815,-0.0018190780557980624,0.008136222546004124,0.008093116651341178,0.011531906693984932,0.35765373483213275,0.011495324662730566,0.011395295972895765,60.497958883454096,0.3195493504332454,0.3795805666873641,-0.060031216254118724,0.48294913725918615
KOID,0,-0.009130614787269398,-0.039895193350198865,-0.028306510607169044,0.016300688599846902,-0.017898534062149474,-0.028080061082263907,-0.011716983683496163,0.006820619856651331,0.00834680837999584,0.0117423879673827,0.9648141267533337,0.012711688956978936,0.012275183457099645,51.2223085173268,0.2512313228630596,0.35390730536073334,-0.10267598249767373,0.3875129459933691
RB,0,0.0013509082886111745,-0.0006003272275462157,0.011250192938692782,0.01676574412428855,-0.0007262060506346701,0.0008579465264253461,0.00842274046300684,0.001920583113525969,0.00255161309540744,0.0028206183070703904,0.06723683502770159,0.0,0.0006035343612125146,68.14660309892724,0.042882850478669354,0.037115613722365874,0.00576723675630348,0.8497592924727944
RB,0,0.0053618774941468494,0.0030382520103551247,0.011572749543604655,0.01676574412428855,0.004020714769697564,0.005067434534357096,0.00842274046300684,0.003113220920655165,0.00260771802258829,0.0028206183070703904,0.14750068287353182,0.0,0.0003864110970933794,73.81185693287591,0.05422277903836914,0.040661817747489386,0.013560961290879754,0.8497592924727944
RB,0,-0.0017802090704956974,0.0024591050824784855,0.005245052709450748,0.01676574412428855,0.0017407817692671745,0.002753284053164773,0.00842274046300684,0.0032065262446011253,0.0024641859004126986,0.0028206183070703904,0.40760869565217395,0.0,0.0003864110970933794,71.960831144017,0.05773669448746688,0.044175700090552654,0.013560994396914224,0.8497592924727944
RB,0,-0.000983682160274002,0.001027448609134396,0.005923137533870193,0.01676574412428855,0.0005498404037862503,0.001176333208365854,0.00842274046300684,0.0032750664165909346,0.0024064202028331303,0.0028206183070703904,0.034411562284927734,0.0,0.00017354734218656454,70.05347593582879,0.05721846665827712,0.046844345966970645,0.010374120691306478,0.8497592924727944
RB,0,0.0007391019297682266,0.004681340949037827,0.005018285299999814,0.01676574412428855,0.0003559094468184032,0.0014153168737223165,0.00842274046300684,0.0027776909409430385,0.0023795911671367935,0.0028206183070703904,0.2622730329522529,0.0,0.0,72.91178766588605,0.058016962455369026,0.0491198613047597,0.008897101150609328,0.8497592924727944
RB,0,0.007110749057788857,0.010460338600840391,0.009853731747222927,0.01676574412428855,0.005372108927518271,0.007544617816688026,0.00842274046300684,0.003942209671313329,0.003146582471409762,0.0028206183070703904,0.525963149078727,0.005725423315872808,0.0011450846631745617,74.64006431338157,0.07651526686512256,0.05467905889749507,0.02183620796762749,0.8497592924727944
RB,0,-0.002811548300645672,0.0022454631604467146,0.005290537453763067,0.01676574412428855,0.002095288367795378,0.0041808976086128435,0.00842274046300684,0.003940685635300237,0.0033490521774421174,0.0028206183070703904,0.12004801920768307,0.0,0.0011450846631745617,64.4826791612258,0.08232718026380326,0.0602731789842302,0.022054001279573056,0.8497592924727944
RB,0,0.0,0.004032851549851335,0.00650187383807288,0.01676574412428855,0.0012892367082630862,0.0035299197290812323,0.007585025510514987,0.00376475327019352,0.0033010020308700404,0.0028206183070703904,0.0,0.0,0.0011450846631745617,67.99222483194286,0.08583089639169117,0.06543230702300983,0.020398589368681344,0.8175980210358591
RB,0,-0.0015807630663383643,0.00343277241799278,0.004463748024373437,0.016198540291195718,-0.0009769010332757455,0.001497654997243858,0.005186321512085312,0.003844532595083203,0.003376492904164683,0.0028426155048463875,0.22371364653243847,0.0,0.0011450846631745617,62.700729927007266,0.08318096869358982,0.06900842646114676,0.014172542232443061,0.7310106495084788
RB,0,-0.0018353158823340987,0.0008514250942210921,0.005536751854417599,0.01448233667266896,-0.0029795804633381273,-0.0008903585315819251,0.0026234435517191734,0.004005582711786033,0.003274289514542148,0.0028970082283206115,0.43478260869565216,0.0,0.0011450846631745617,55.982554312047476,0.0750443534583809,0.07022278013947973,0.004821573318901165,0.630738566899372
RB,0,-0.00048786586875670945,-0.006699963454744773,0.003690291259745848,0.014982000687110864,-0.002124493352391843,-0.0017443153048241067,0.0013936491452664068,0.001116965045203566,0.0032763886446103827,0.002883843314156177,9.086619480957197,0.0004905567819474128,9.811135638948256e-05,52.39402780161338,0.06647099613314822,0.06946886306549237,-0.002997866932344148,0.5861056417092768
RB,0,-0.0021658081922983907,-0.00605674133145695,-0.0038248783605424608,0.007703606823760811,-0.0030759262699099343,-0.003525237338710352,-0.0011566750906789602,0.0009256827442153754,0.002838349977249038,0.0027670218631852374,0.3781998348472337,0.0024163198686387695,0.0005813753301172365,50.68481779696192,0.05288511729131784,0.06613953606888201,-0.01325441877756417,0.4182607076563746
RB,0,-0.0030603440859157116,-0.009098549704859016,-0.0051023912552863315,0.00011589914308607341,-0.004309555409235832,-0.006068400742853308,-0.004219224879935091,0.0009340644812586968,0.0029357386433827184,0.0026907059576797283,0.8537525042379411,0.0011637884272090698,0.0008141330155590504,45.191060941194394,0.03294747003498344,0.059480998667639215,-0.026533528632655776,0.20121599812545352
ECON,0,-0.004960055995057222,-0.022657443557969725,-0.002775588675944629,0.05809022430310695,-0.007493542056147273,-0.01237125073653722,0.02602092390071631,0.011570609677232753,0.009170489733553059,0.008893084682786372,2.464348028381994,0.00933560861654964,0.005992321858585346,58.95928481197166,0.009333856303673116,0.034025836784848516,-0.0246919804811754,0.8927884732791781
ECON,0,0.007824542663731338,0.0017306712932991797,0.0015275146818325425,0.05809022430310695,-7.323798035496765e-05,-0.0047945898571828405,0.02602092390071631,0.010232683525896456,0.009463947627890415,0.008893084682786372,1.405660768306328,0.01012481527597659,0.0073267427518658055,62.263223731236636,0.007078806284415151,0.028439892751422387,-0.021361086467007236,0.8927884732791781
ECON,0,0.025126775612551278,0.013312947970478328,0.018365547585215136,0.05809022430310695,0.02229820421645634,0.018338089015935477,0.02602092390071631,0.014438030142900167,0.012180652755500376,0.008893084682786372,0.7009946835877208,0.00981360455586622,0.008011829500805045,69.12646198830416,0.040649602760680636,0.030952560050214965,0.009697042710465672,0.8927884732791781
ECON,0,0.0006178157900265102,0.02648983780148151,0.013179564653063025,0.05809022430310695,0.017557506389598965,0.01761839630706108,0.02602092390071631,0.01205766540789454,0.012108175860285812,0.008893084682786372,0.6838507228510591,0.0033559865928545008,0.007130887885695396,65.99573286099597,0.0666572595120094,0.03825800391388485,0.028399255598124555,0.8927884732791781
ECON,0,0.005947530682705926,0.034776559846877664,0.01636811930012172,0.05809022430310695,0.016614894572547056,0.02198589519671157,0.02602092390071631,0.011336924758410766,0.012190027444907606,0.008893084682786372,0.2948531688379737,0.0016701600848440968,0.00686003502521821,66.80943025540279,0.09468448163400467,0.04975032674111821,0.044934154892886456,0.8927884732791781
ECON,0,-0.0023507503194181156,0.03749006734664628,0.013983194703785395,0.05809022430310695,0.006845037684789501,0.01815189674920914,0.02602092390071631,0.010695771666163315,0.01224873858960584,0.008893084682786372,1.1277300116702789,0.005650072195367006,0.0061229277409816825,64.25454256922957,0.11146042230856779,0.06227281391401813,0.04918760839454966,0.8927884732791781
ECON,0,0.0033942285558834495,0.03292934602310171,0.034717007190270044,0.05809022430310695,0.003796696689655654,0.018117917645519954,0.02602092390071631,0.010837810885095705,0.010453648546800913,0.008893084682786372,2.0635235338435307,0.005839513485105093,0.0052658673828073835,62.64820495812953,0.12833186174010436,0.07563872190676978,0.05269313983333458,0.8927884732791781
ECON,0,0.00012930351288442665,0.007741610103599639,0.021157621726594744,0.05809022430310695,0.002380359152468259,0.016105847872922796,0.023271197145832145,0.0031954117828583797,0.00987798664809227,0.008893084682786372,0.9983970689260363,0.0033364334360676084,0.003970433158847661,60.50324390671578,0.14003417689776043,0.08863770738412724,0.05139646951363319,0.8660780334345146
ECON,0,0.003895286036609047,0.011042413958216146,0.03782476351438757,0.05821452593540233,0.004077863159659856,0.016285580508136555,0.024362717624574426,0.0032917026960382996,0.008490971789359649,0.008893760678782874,0.7647775175644028,0.004615493267860647,0.004222334493848891,60.97877869207455,0.15369059996097434,0.10174500065327066,0.05194559930770368,0.8957337793323996
ECON,0,0.005068318439954922,0.010158748716064592,0.04528859489563586,0.051256870967041124,0.007122637582216429,0.01693597234826627,0.026976868177092772,0.003056770106005396,0.008240237002169162,0.00866688009148943,0.5144799508373022,0.002066704969598799,0.0043016434707998305,62.939651980747925,0.1707482080945546,0.11562759048768932,0.05512061760686528,0.9244088296712395
ECON,0,-0.01485547532147602,-0.002502772720614388,0.03489346550818273,0.032021026924509144,-0.007344427581128521,-0.001543743231722794,0.010135173079054427,0.008245634501344828,0.009921109912770435,0.009492151959237975,0.4593338853620388,0.005664248522050775,0.0043044787361365845,63.84310452743585,0.1572734594531937,0.12399628432004955,0.033277175133144155,0.6649184756856856
ECON,0,0.007950926629100685,0.002027145395543606,0.03502324399081447,0.036604257192048184,0.0001432154193046209,0.002979311819050423,0.0163396508352589,0.008997533308078677,0.00992733820801204,0.009590272440081352,0.6790295948177315,0.00228529088547737,0.0035936342162110396,61.91710983167058,0.15811705829423062,0.13084631780973233,0.02727074048449829,0.7678813838023886
ECON,0,-0.0024226580971726808,-0.0005296588079757303,0.007207850883644618,0.02570577459725043,-0.002174273292246176,-0.00016646508676410043,0.01259094410320527,0.009091291400723947,0.006480849969511989,0.009514384572243724,2.619665896497434,0.003546839140413138,0.0036357153570801457,68.84284597341676,0.15283414872241252,0.13525721511135738,0.01757693361105514,0.7060492607061074
ECON,0,0.002854162320050202,-0.001566193485133649,0.009458925916280947,0.022763155095006038,0.000987934866270468,0.0017460343263095979,0.014334789905610101,0.008989036334036148,0.006514759051389809,0.009465478326745588,0.4420868332742773,0.003120657085555905,0.003336748120619197,71.50394501185926,0.15178045673102503,0.1385698729504774,0.013210583780547624,0.730640316257491
ECON,0,-0.00246323865953213,-0.00904803435690349,0.0010187976517548325,0.017403592753383323,0.00034632540401169365,-0.0008231241625492602,0.010961337186991882,0.00848548775196059,0.0063400495538798295,0.009490949353943779,0.3702406461183451,0.0024776634882498734,0.0034189398243494123,73.48156991493804,0.14495671926559694,0.13984971779346256,0.005107001472134387,0.6747124696355634
ECON,0,0.002198196394457508,0.008106168996001584,0.005583108376755241,0.019644372772025243,0.0009314904597215179,0.0008168352196353812,0.012195730746473732,0.004328797802352118,0.006306178300390849,0.009492612437583188,0.6766709237973606,0.003745801580728261,0.0030352504360849097,71.68578712555768,0.14174582844222172,0.14022952765050106,0.0015163007917206595,0.6922347234502715
ECON,0,0.00693805692785987,0.007093143294815141,0.009134667523128748,0.044168803031479964,0.006447125500548712,0.00684209496866095,0.017026030352806032,0.0039672699398417164,0.006576018789952508,0.008599008131956194,1.167250332085497,0.003467859268566888,0.003271764112702813,63.64318352315346,0.14970147979770587,0.14212626612844792,0.007575213669257952,0.7776422100899348
ECON,0,0.004559056940678374,0.014141456290423404,0.013604307335566057,0.03504976385061909,0.008192845053595743,0.010061171624246024,0.019898467145550214,0.0034743017832578786,0.006664742935629959,0.008210658497299928,2.2059425567214666,0.007817675352515346,0.004125931355123255,65.86849350150453,0.1622476610070933,0.14615453450794977,0.016093126499143545,0.8165745240021426
ECON,0,0.003159986668806347,0.014450722744181022,0.012861896631229941,0.05117315834404024,0.008472914717408297,0.01195088817101575,0.020579704442240665,0.003477804396797728,0.006637816156737686,0.007523641664224415,0.6950825437998724,0.0018457222311089572,0.0038709443842338655,64.39115623538842,0.17582691707709586,0.15209371652656067,0.023733200550535183,0.8393155627949823
ECON,0,-0.0004388717305081613,0.016509414287025237,0.007312002182440436,0.052931747382792826,0.004740461974469756,0.01076462249164889,0.01752272672709032,0.002740074012509295,0.006517685460848944,0.007478655197301878,1.9594328105925438,0.005748871563397633,0.004525185999263418,66.41405442645541,0.18361712771417515,0.1584023973656097,0.025214730348565445,0.8159378645140741
ECON,0,0.007402544111612563,0.021788079194569265,0.030070866042620326,0.0660136082778624,0.007827676180186094,0.015229014152186027,0.021811894778813734,0.003178279930701009,0.003852761690105829,0.0073295710883856235,0.9034754517377258,0.004089546402502627,0.004593934963618291,68.56461181325767,0.20102224802429802,0.16693069185639944,0.03409155616789858,0.9673682675575551
ECON,0,-0.00021995568300303692,0.014524502347728285,0.021720670018981814,0.057504642335515,0.004707327056897359,0.012820253599132858,0.018757464541159674,0.0033156777970400797,0.003533115902111147,0.007284571339718813,0.567215074175631,0.003931554288042471,0.004686673967513407,68.26347305389231,0.21191287137744297,0.17593077862953618,0.035982092747906785,0.9907407937925755
ECON,0,0.010327969036463491,0.020350643312390337,0.03477988733569792,0.04223842646100828,0.010990292275403934,0.01977328410710566,0.027136900157704202,0.00473885520828634,0.003970540512826619,0.005410500327281583,0.6072874493927125,0.003016311470451832,0.003726401191100704,71.2292785430773,0.2370550507506941,0.18815960153368957,0.04889544921700453,1.111216060081186
ECON,0,-0.005621307740387604,0.011418868203127763,0.02603460184576467,0.035739787132164524,0.0030303523343879757,0.011438366250031251,0.01956638318158488,0.006463019072211468,0.00490270111589827,0.005673021365149853,0.5268387560516691,0.002639999026728512,0.003885256550224615,63.46353865711308,0.24346943532126275,0.19922444088773514,0.04424499443352761,0.9236135126704583
ECON,0,-0.0032077407529066404,0.008617152236356063,0.025268830659625596,0.02631337213671925,-0.0018922628377447959,0.005694983104078677,0.014973543793754818,0.006861631841070829,0.004992693343204038,0.005687771985360741,0.6256566613790403,0.0028478437754271882,0.003305050992630526,75.72915948424459,0.23969122255270747,0.20731947849426297,0.03237174405844451,0.8162038375010972
ECON,0,-0.005703824247355382,-0.004505018248175063,0.01718490525203009,0.022863958817251673,-0.006693090038887295,-0.0017277929589372132,0.008047327466895293,0.006656233193332275,0.005631904264374441,0.005848650802789255,1.469941142180184,0.0032733492090769273,0.003141811553945386,64.86795146324067,0.22330842565531128,0.21051779933867334,0.012790626316637937,0.6740975432114443
ECON,0,0.0019926513310255523,-0.0023018944795275553,0.012189173996428826,0.021435185571396342,-0.0042564645970954995,-0.0009420033543316997,0.00898667058914171,0.0067838245873436745,0.005331891325191162,0.005828673103277403,5.535506510296426,0.006533679073850998,0.0036622365111070912,68.81063600431193,0.2116423620141461,0.2107427417737461,0.0008996202403999953,0.6963924867020235
ECON,0,-0.007730159054249897,-0.02013428231546266,-0.0001933846008254081,0.013408291871197076,-0.007925426197836871,-0.008645871751270406,0.0005243661438583125,0.0037406772781047822,0.0058674174650469365,0.006151923954262653,0.31546925310629553,0.0053828932639757975,0.004135552869811885,58.78735784184079,0.18557473401672553,0.20570860490108875,-0.02013387088436322,0.5118364082442072
ECON,0,-0.004683281754131685,-0.019209946835042513,-0.008010434483013196,0.004748432767925026,-0.008737393733569743,-0.012501842469190505,-0.004395653251375475,0.003665186631419461,0.005921472190507964,0.006214991757787095,0.8843866171003717,0.005284179711726933,0.004664389006811568,56.738991703892886,0.1542919644445675,0.19542440192655197,-0.041132437481984474,0.39939797950228595
ECON,0,-0.0078022277903198045,-0.023730675345809527,-0.015318013951579834,-0.00811801712058402,-0.01174618811033079,-0.018710850379442978,-0.011764095417414078,0.004017734650250556,0.006317763186409396,0.006355153560776804,0.34911900836296456,0.005834135526968315,0.005261647357119794,49.113329418672905,0.11348647311912785,0.17903570080786566,-0.0655492276887378,0.23816047653077746
RBLD,0,-0.00041507184764411065,-0.009637865012970481,-0.004471450517950171,0.03183847935963979,-0.0009901447724288692,-0.004743789194033399,0.01830012779120538,0.006633855371151111,0.005534181586232205,0.006428537479650994,2.3782521681120747,0.012333758635355288,0.006366932082911758,49.679878428539396,-0.05931982781068257,-0.023105661245699707,-0.03621416656498286,1.0545906961939306
RBLD,0,0.010961584882237307,0.011554585604858225,-0.0004474940334128208,0.03183847935963979,0.007635693307433078,0.006211121499844596,0.01830012779120538,0.006768949106144749,0.006237730975656183,0.006428537479650994,0.2572405108832524,0.006823430760156726,0.00602596185052056,57.716139836717645,-0.02137306217836965,-0.022746504735956775,0.0013734425575871248,1.0545906961939306
RBLD,0,0.010854101377903769,0.015885848140318792,0.014276322638331784,0.03183847935963979,0.015338239559993028,0.015678540159702825,0.01830012779120538,0.007657645239695602,0.006933568287866567,0.006428537479650994,0.26508972267536707,0.0,0.00602596185052056,58.66451111202067,0.054007498195915105,-0.006951103119365863,0.06095860131528097,1.0545906961939306
RBLD,0,-0.01013860261345656,0.012411561691112905,0.003356249893113006,0.03183847935963979,0.00257353852147979,0.00504298082622312,0.01830012779120538,0.008820418893320399,0.007849146421902868,0.006428537479650994,0.0487260176631814,0.0,0.00490430525000287,54.09582397675166,0.0662005048270089,0.00801625337557579,0.058184251451433106,1.0545906961939306
RBLD,0,0.007174399990909519,0.018408221007806036,0.01293376836355109,0.03183847935963979,0.006093754256603967,0.010946903908989114,0.01830012779120538,0.009005875397989393,0.008058523295236672,0.006428537479650994,0.3676919942961907,0.0025074674015133744,0.004332931359405078,58.68490671122243,0.10657217052123258,0.028089035908448485,0.0784831346127841,1.0545906961939306
RBLD,0,0.0048033936836644475,0.02372495603296665,0.01385843309631185,0.03183847935963979,0.006211643272263867,0.014394392077083484,0.01830012779120538,0.008709091294431447,0.008096142479950606,0.006428537479650994,0.251565869185748,0.0,0.00186617963233402,57.643994004710635,0.1581510037843259,0.05448178914325129,0.1036692146410746,1.0545906961939306
RBLD,0,0.003764273924613315,0.01643677915876096,0.028181284935477224,0.03183847935963979,0.006710842556038044,0.015379124139138334,0.01830012779120538,0.00798665834129124,0.006998316800315798,0.006428537479650994,0.35375868603916616,0.002474936029195751,0.000996480686141825,62.43731820047469,0.21347924152938447,0.08665217896282362,0.12682706256656084,1.0545906961939306
RBLD,0,0.004516408686046747,0.01006408507934009,0.02610980974690058,0.03183847935963979,0.009223777109894415,0.01732468248608443,0.021287460504898936,0.006917752634269916,0.006906708122577095,0.006428537479650994,1.2083254850254286,0.0022271714922048524,0.0014419149845827956,64.21576961000991,0.27503815243878194,0.12468011950139794,0.15035803293738398,1.0647561022916059
RBLD,0,0.0018081848552338187,0.022254701852617353,0.0349424791486912,0.024083133411310076,0.006617360949681794,0.01566929976158482,0.021904743919288983,0.001936126119458804,0.006104045199483435,0.006161933365003124,0.4001137764293164,0.0009740183048748257,0.0016367186455577606,66.82058385921708,0.3281337456579507,0.16567332117270553,0.1624604244852452,1.0103896036548021
RBLD,0,0.005680152397043781,0.020738081068198078,0.03952805325558528,0.0344395375094686,0.008187948107057696,0.017486518553506913,0.02595414350532632,0.0014602328904189637,0.006086492672430301,0.006091490796085326,2.569868995633188,0.0023169799954960595,0.0015986211643542977,67.57854278074862,0.39319485412801214,0.21144783278804433,0.1817470213399678,1.0302995682918428
RBLD,0,-0.00520042498690898,0.010575616712141134,0.03455147878662501,0.02992553304095824,0.0008440181602906716,0.008784975524436023,0.019107658207871525,0.004324544769019182,0.006627593105591904,0.006263242490841123,1.6455129162311481,0.007778918173447117,0.003154404799043721,71.67112702266823,0.41320907881230085,0.2519915442570279,0.16121753455527293,0.8719005045183071
RBLD,0,0.0009624692544543123,0.007754799558147063,0.024319042644665778,0.0238606659847711,0.0002650844870060176,0.00734097238742204,0.01887744167490868,0.004237858310325396,0.0060967894747798864,0.006133283317405566,0.8714224690303289,0.002636267267550768,0.0031866710467147244,69.5913553002056,0.4287309784076143,0.2874734780430319,0.1412575003645824,0.8483089526045045
RBLD,0,0.005852513333962195,0.009095211581291673,0.01925083164380048,0.03380198536573542,0.004297677104278419,0.011301098024225853,0.023126240080152627,0.004505102779487055,0.005504628707252612,0.006098058160654449,4.365575272848455,0.005517743684252715,0.003844785485124297,78.36425800007689,0.4654069295103369,0.32316804855627673,0.14223888095406018,0.9004439914281547
RBLD,0,0.0015615214626436558,0.008846753990209955,0.03129833771524271,0.034759632650967154,0.004094563280695684,0.009776277004018619,0.022963225490264527,0.004506622705184267,0.003554097407850914,0.006093205491183399,1.1536184697350895,0.003214583798167152,0.004292898583782762,78.47465076726112,0.49656815566916634,0.3579321243565145,0.13863603131265184,0.8770999715269696
RBLD,0,-0.004129101211184705,-0.0009933861757671636,0.019724093969385903,0.032912969195517894,0.00014744908925967692,0.0036545970622474666,0.01708850418989094,0.0045146665237423365,0.0038929054251081534,0.006168435422104115,0.20479594876377719,0.0009238411878274331,0.004014270822249037,74.61208619499251,0.49364069185419623,0.38512643931124363,0.1085142525429526,0.7776293795663852
RBLD,0,0.0012972500511707619,0.005531767735197146,0.01616588630264637,0.030248353252726012,0.00034265597064209175,0.00335247216932566,0.016887638920237258,0.003542608785884491,0.0037643216473615894,0.00614589271870263,0.3766698299145923,0.001251370844992927,0.0027087613565581993,71.0985169710633,0.4923775981176135,0.40660991514115863,0.08576768297645487,0.7699569120705716
RBLD,0,-0.008512360394803298,-0.003986313610354175,0.003737572884768836,0.032024187426678674,-0.007384572156938218,-0.005556800805481155,0.006656817128632309,0.0055855531894976685,0.004834060791006148,0.005984264418806598,0.22815356489945154,0.0032834477733988386,0.002838197457727813,57.04136709832954,0.4409149478956209,0.4134794257342646,0.027435522161356307,0.6129938939318628
RBLD,0,0.00031901126012234826,-0.009465689290335422,-0.00045657015590216954,0.02564131863109176,-0.005180026350388167,-0.005194359712804464,0.005712025590143499,0.004353748042021492,0.004612495806824364,0.0058741358042863154,0.1109249062325433,0.0,0.00173464872087727,67.59920784136781,0.3972874578905703,0.4102378218365206,-0.012950363945950283,0.601004155464003
RBLD,0,0.013314820797914573,0.0021582060033109585,0.011024053111092336,0.04635174000575204,0.007628325535046221,0.0069445021054095335,0.016807729065170474,0.008178177710428463,0.006263483175680245,0.006138128633189003,0.7288875277543834,0.007054380436291386,0.0025026080485021167,70.89029526362033,0.4289822894508717,0.41398968789392804,0.014992601556943652,0.8156275639161161
RBLD,0,0.005568741384736509,0.011917274723815652,0.01091205009208518,0.050871435444837854,0.010827137970164324,0.011446429840230588,0.019945877777116428,0.00796555686299404,0.006254552614548599,0.006175553255512598,0.6578832562603613,0.0019325256086977923,0.002704344932676189,71.30774524385646,0.47880530869929316,0.42696103362210003,0.051844275077193136,0.8965343036933838
RBLD,0,-0.004895549314254066,0.005658792882931918,0.011221863746019078,0.04616107451981111,0.004741210862034384,0.005371903222893382,0.012685076614852964,0.008632904474982344,0.0062210638361236545,0.0063653000898833455,0.8107868358023597,0.005353638152843872,0.0035247983942463777,64.07382418873931,0.4855625576987421,0.43868728435293936,0.04687527334580277,0.7928582517194204
RBLD,0,0.010238935974717922,0.024678098135664905,0.02059340988683478,0.0454132645447376,0.010090218456154654,0.013588595126780234,0.02078560848804778,0.007360341078704563,0.0068522594648731195,0.00631526890330258,0.43684965913168283,0.005183819630811033,0.0039048727657288165,67.09917882484265,0.5410472826512915,0.4591675918123038,0.08187969083898772,0.9836309354726009
RBLD,0,0.006971578040072979,0.03149266368832104,0.02172887462858708,0.041398005179671626,0.010853885385263329,0.018444268444268497,0.02580629524861422,0.006910695169553311,0.006929749204395788,0.006092345405860763,2.7429062768701633,0.002616115330922896,0.004428095831913396,69.43204755467505,0.6167816676356495,0.490700640036175,0.12608102759947448,1.040255783933272
RBLD,0,-0.00032537404514199064,0.017607777547197445,0.019803984761715965,0.051722154280138266,0.007003443785994046,0.016103939304241477,0.022893235997685668,0.006059349334386544,0.006973812724739605,0.0054169508105908325,2.080375406088317,0.002701078405553456,0.00355743542576581,66.60685089923047,0.6671183326750025,0.5259933410729767,0.14112499160202585,0.9897167632861471
RBLD,0,0.013308213304161765,0.025439909250565496,0.037660358361869095,0.05812726877850527,0.015264576704606236,0.025793203205215054,0.033563586113642074,0.007527013782612975,0.007439688224254455,0.0058495938673539406,1.1017606023696158,0.007395718240328236,0.004650073952091899,76.91487091956472,0.7735702944091258,0.5755190178208383,0.19805127658828758,1.1338912631930633
RBLD,0,-0.00824471310770769,0.0219886472106281,0.027771869293900853,0.04438671247796444,0.002550186588831771,0.014546856152694465,0.022814228099395262,0.008693098600063646,0.008343214856238344,0.006327787817912438,0.7193460490463215,0.0026702933559822543,0.004113404992719575,68.94892851936436,0.8009043310225934,0.6206035714175415,0.18030075960505187,0.9200475578603989
RBLD,0,-0.0025923482051783964,0.009008127163323554,0.033908528745143496,0.037772837227512346,-0.0018309574640635873,0.008569629359657327,0.018272220133741968,0.008424482734812314,0.00763318997737346,0.006403885359194604,0.4739896818572657,0.002740560292326458,0.0036247531250226603,64.50847799757778,0.7983696509886471,0.6561615137930104,0.14220813719563674,0.8346830568794951
RBLD,0,-0.0047575803304840125,-0.002744752837234632,0.028661471273075723,0.028191815144766208,-0.006036288241173859,0.0009717646207483277,0.01202165592869453,0.008264082546260772,0.00801751491527236,0.006536935058463773,0.8596788670589408,0.008575068401536236,0.004816543739145329,60.175917991171815,0.7601657701347477,0.6769645772225026,0.08320119291224515,0.7225372146509281
RBLD,0,0.0019928166540987835,-0.0004321725448884761,0.017167995404276715,0.028381309408516797,-0.00396972148698882,0.0012715353705046173,0.012621494911854825,0.0083425528474188,0.0071268256838303975,0.00653765538165627,4.274447949526814,0.012024995777740254,0.006681327213582689,64.13852555494779,0.7328559281413618,0.6881437984292376,0.04471212971212424,0.7352134390689711
RBLD,0,-0.011652085796318268,-0.025054011800628828,-0.00025147433663397223,0.010657831654892869,-0.010569510812167948,-0.010370732339538558,0.000294481369899513,0.005232603407354193,0.00810823919764927,0.007070347079522198,0.5873550317994762,0.00041148269106932526,0.005284480103730905,55.51046215830722,0.6366019255084296,0.6778347222457071,-0.04123279673727742,0.5055725964447404
ECO,0,-0.01581356637536424,0.051578479324144055,0.06196677144140095,-0.06660936828534592,-0.009880264590136467,0.030815499280826275,-0.04304745128261589,0.04410065228940455,0.03160109029331989,0.02635287179910675,1.1646720479424195,0.030443974630021096,0.03428353113295844,53.00632911392405,0.22465148265358081,0.11371208521946109,0.11093939743411972,0.21105534880107402
ECO,0,-0.006765327695560264,-0.028134050475796535,0.07505720823798612,-0.06660936828534592,-0.010947368421052595,0.016575063833470294,-0.04304745128261589,0.025926394525417937,0.030743830313380145,0.02635287179910675,0.9745659520963189,0.04257130693912303,0.03435757737804411,51.69753086419752,0.21549252536624053,0.13481050800664887,0.08068201735959166,0.21105534880107402
ECO,0,-0.040017028522775555,-0.03467465753424648,0.03062157221206596,-0.06660936828534592,-0.04400542648804473,-0.026926728229912822,-0.04304745128261589,0.027784682142108674,0.03427088098969312,0.02635287179910675,1.2137051854046965,0.031929046563192856,0.031684311348216934,52.01863354037268,0.14882356900842808,0.1376942914960567,0.011129277512371388,0.21105534880107402
ECO,0,0.002660753880266098,-0.0664739884393063,0.04097605893185996,-0.06660936828534592,-0.028195650305166242,-0.02807032626918282,-0.04304745128261589,0.016178668646113323,0.03406447542607228,0.02635287179910675,0.4258315402706393,0.02072534276868636,0.03062706776322589,52.70479134466769,0.09984538077405247,0.12995012625314448,-0.030104745479092004,0.21105534880107402
ECO,0,-0.012826183104820865,-0.07116104868913864,0.011786038077969296,-0.06660936828534592,-0.02634793229802823,-0.041607625917815194,-0.04304745128261589,0.015889846071428532,0.03422194590547659,0.02635287179910675,0.46679774211961694,0.01747311827956992,0.028628557836118652,50.370370370370374,0.042825822851622064,0.11220560876342167,-0.06937978591179961,0.21105534880107402
ECO,0,-0.017473118279569877,-0.07272727272727264,-0.024899955535793605,-0.06660936828534592,-0.028786536758193204,-0.05608401842207189,-0.04304745128261589,0.015940032113432086,0.03408135446089178,0.02635287179910675,0.44015814861015884,0.016871865025079844,0.025914135915130403,50.59523809523808,-0.02653318421293349,0.08405211557151628,-0.11058529978444977,0.21105534880107402
ECO,0,-0.00911992704058362,-0.07492550021285649,-0.10095159288374023,-0.06660936828534592,-0.02240417491452229,-0.05476532254556532,-0.04304745128261589,0.015672751141924162,0.02086412981886883,0.02635287179910675,1.1954843999572666,0.022549470777726736,0.021909768682851143,48.91146589259798,-0.09270813475620443,0.048287730216220466,-0.1409958649724249,0.21105534880107402
ECO,0,-0.00046019328117818947,-0.03680709534368076,-0.0702054794520548,-0.06660936828534592,-0.015501767745444761,-0.04841182913472075,-0.040212107821476106,0.008414859576910036,0.019357699300402022,0.02635287179910675,0.5263033319825134,0.022099447513812175,0.019943848872975005,50.0,-0.14338715012647185,0.00959588486319864,-0.1529830349896705,0.2361850424569172
ECO,0,0.01979742173112342,-0.020344980097302123,-0.0854665565648225,-0.006280843427545979,0.008192990441511228,-0.02069148465823678,-0.020907925562480667,0.014701073473835048,0.015416415234068758,0.02513910032680896,0.5238015583728503,0.015801354401805773,0.01895905119959889,50.6588579795022,-0.1520720726562459,-0.02297805992991817,-0.12909401272632773,0.36342320790593113
ECO,0,0.04695259593679468,0.03897849462365599,-0.03495630461922594,0.0417789757412399,0.04723627167630062,0.029111564746605145,0.022960365248461567,0.025836079560592404,0.023439387508946523,0.02723734593621593,1.2686521404547948,0.02630444156964206,0.020725315857613315,54.70430107526883,-0.086349314767034,-0.03572757072540834,-0.050621744041625664,0.6495253290082302
ECO,0,0.03794739111686063,0.09758321933424541,0.017758985200845734,0.08082622361921876,0.06636540847067174,0.06617647058823528,0.057580351062193946,0.024033381988133276,0.026248962212736652,0.02836371719171551,1.718098309500614,0.021188201080182864,0.02158858306863392,49.24698795180722,0.02621257281888134,-0.02328076363191334,0.04949333645079468,0.8566946731010612
ECO,0,-0.029497299542999622,0.07501150483202945,-0.005534269902085942,0.06910755148741399,0.020176434623111028,0.03532331693480484,0.02299102255309826,0.030779782794903746,0.02802342839157218,0.02891466205163893,0.9988908547326729,0.03210616438356165,0.023499921789800905,50.0,0.064087560184106,-0.0057408348914327,0.0698283950755387,0.6455560101978193
ECO,0,-0.015410958904109595,0.058931860036832484,0.019955654101995624,0.051188299817184646,-0.006651118597218786,0.01733899504600145,0.004761696736708787,0.033275848975020055,0.02506307515342305,0.02922875540680339,0.6126543959896965,0.027391304347826044,0.024558293156603676,39.90066225165563,0.06754231871689242,0.008960227063665503,0.05858209165322692,0.5311918860339764
ECO,0,0.019565217391304346,0.05869074492099324,0.037151702786377694,0.07965009208103124,0.0015375416417529042,0.03340384276396957,0.020563594821020548,0.03326233177599072,0.025656390318125073,0.029352204550305905,0.7134414297341714,0.03240938166311307,0.02787989860886514,45.396825396825385,0.10134175578585314,0.027481314048629926,0.07386044173722321,0.6412247436649345
ECO,0,0.021748400852878547,0.03320396722725305,0.07347670250896066,0.08612873980054414,0.016632722335369943,0.04830241512075606,0.03846570592696952,0.028139657067051828,0.025473797194022714,0.029508136686244007,0.6301891430379515,0.022120200333889863,0.0270430503617147,52.41057542768276,0.16298239140784077,0.054634050551242,0.10834834085659877,0.7658339735700979
ECO,0,-0.022537562604340478,-0.02700457000415446,0.06794345645234845,0.04135171187194331,-0.0007679836163495546,0.018039556618126396,0.013019594273108837,0.024159585723541658,0.026066794632705947,0.029882005230577508,0.4221051589937158,0.02855678906917169,0.02851676795951246,49.48604992657859,0.17025431281259173,0.07779394119843397,0.09246037161415777,0.5910639936771324
ECO,0,-0.016225448334756698,-0.013698630136986356,0.060285319834330275,-0.04675217211419125,-0.014289381363908782,-0.004149377593360981,-0.0009756097560975618,0.021397531976427596,0.026642443794288845,0.024794178091438804,0.6474234194765691,0.017361111111111206,0.025567757305022375,53.91999999999999,0.1463557815552754,0.09152330539946064,0.054832476155814755,0.492865858081216
ECO,0,-0.015625,-0.013913043478260834,0.04419889502762442,-0.02910958904109584,-0.027027027027027084,-0.023760330578512345,-0.015133421629719757,0.021429828797535626,0.02748128320537501,0.023908244984199696,0.7557957681235979,0.014329805996472633,0.02295545763475169,50.53435114503817,0.09966522317463955,0.09315330322615532,0.006511919948484227,0.38966192900591895
ECO,0,0.0092592592592593,-0.023880597014925287,0.03340857787810392,-0.054913294797687806,-0.013277006638503286,-0.017849480820389618,-0.003135615364515232,0.019136001329547375,0.027035237435413688,0.02234467677349597,0.44985223757433856,0.020751419833988705,0.02062386526892682,54.404945904173104,0.07748903365244786,0.09001796524073936,-0.012528931588291506,0.47562068968926574
ECO,0,0.00917431192660545,-0.035893155258764575,-0.0038809831824061503,-0.038701622971285876,0.003213758360114616,-0.008456024380821714,0.008051318976238786,0.015220915384525153,0.022579185021035907,0.022457581067053985,1.3254235312196958,0.024242424242424187,0.021048310050633685,59.30047694753578,0.07481138370203055,0.08697472004719949,-0.012163336345168932,0.5663119431174496
ECO,0,-0.020346320346320446,-0.033731853116994115,-0.05982550893228089,-0.04312896405919664,-0.01040755641070501,-0.022588865373817657,-0.010256073826237166,0.014690896251043074,0.018867536104704707,0.022629369847255026,1.2556796383662252,0.014582412726469214,0.018253434782093188,56.859756097560954,0.0368575605230852,0.07694620308015557,-0.04008864255707037,0.41327738132156194
ECO,0,0.0017675651789661462,-0.01605902777777768,-0.02953767123287665,-0.03490847169008071,-0.005440028077564163,-0.017934500086639993,-0.006725524130830163,0.013976764683679642,0.01704133541738436,0.022614435805061957,0.9405502386023136,0.014997794441993817,0.017780771448269714,57.20789074355084,0.009744840560465207,0.06350047634147485,-0.05375563578100964,0.44192357859952425
ECO,0,0.04984561093956774,0.04938271604938271,0.034782608695652195,0.055432372505543226,0.033973412112259904,0.027456397858746318,0.0399370794372107,0.025384825002496697,0.02311463079004976,0.02347660981656985,2.3524115583645706,0.01865546218487391,0.018645902685949966,61.31687242798353,0.07340084381084466,0.06548119261452895,0.007919651196315713,0.8302410791257844
ECO,0,0.02773109243697469,0.06858890345128876,0.04307036247334772,0.08182220256523665,0.048345619749700086,0.05136471093917905,0.06447331200905193,0.026577114426259544,0.023870731241076724,0.024120283091847602,2.6922914807656952,0.021463614063777538,0.018788341531907733,59.18958031837914,0.17220966814541683,0.08683243081905928,0.08537723732635755,0.9797019269587728
ECO,0,-0.019215044971381934,0.03852813852813841,0.0012520868113521377,0.07482078853046592,0.020416843896214232,0.0310297404160218,0.04023935478275931,0.030509742424471072,0.024091716197656914,0.024398528972554664,0.879569538856605,0.014172571904960395,0.016774371064414977,49.384615384615365,0.21190365376820708,0.11185187174346942,0.10005178202473766,0.7946838250079893
ECO,0,0.029595664860358584,0.09147149801148924,0.05465414175918015,0.12631098951208397,0.03243604748369844,0.055736023251837796,0.06463222775371236,0.026887417665390056,0.0242210959069274,0.024498908530671763,0.722401917172526,0.017004048582995878,0.01725869823572031,60.30769230769229,0.29458346915789946,0.14840426453433173,0.14617920462356773,0.9568269374521546
ECO,0,-0.016599190283400844,0.07146007940008814,0.05425347222222232,0.1178094799815923,0.0017321016166282899,0.03269418817227154,0.04121568039093826,0.03064252045357685,0.0242587679561991,0.0248010482884913,0.7197031103085867,0.02058460271716756,0.018376059890755057,59.847328244274784,0.32459598568757997,0.18364729336703942,0.14094869232054055,0.8090854684704174
ECO,0,-0.009880609304240395,0.010504201680672232,0.060405643738977055,0.1072744014732967,-0.01020660136636753,0.016569447966861217,0.025805075709106395,0.0242911202861467,0.023764381933529068,0.025016189140260804,0.6728270740051836,0.030340956340956238,0.020713158721971523,54.73186119873817,0.3259727724089281,0.21211541642550968,0.1138573559834184,0.717913098262717
ECO,0,-0.016216216216216273,-0.03270645952575635,0.03363914373088672,0.06817155756207693,-0.01980280056342687,-0.0031598904571309427,0.005930996364873042,0.020447430130767434,0.024737597436947627,0.02522079365864713,0.3735690894367182,0.02620456466610317,0.021661348842436645,47.58842443729903,0.29333495524241116,0.22836070618530266,0.0649742490571085,0.5558503656414573
ECO,0,-0.002535925612848655,-0.016256773655689782,0.02164502164502169,0.017680034497628228,-0.019118869492934176,-0.0077780113516922045,0.0025062656641603454,0.01916742611170002,0.024720812138596168,0.02308062770361102,0.5809559894466441,0.024576271186440755,0.02374208869873272,51.56794425087107,0.25979521189482924,0.23464803522064911,0.02514717667418012,0.5238007855466282
ECLN,0,0.002349311210119387,-0.01042453351871453,0.0056711624919718595,0.005244444444444385,-0.0003575099432453488,-0.000281879610271929,0.011156675625742851,0.00418013492597674,0.005144004744809334,0.0060999856326669375,0.6229147571035747,0.0014369375985898263,0.007239479001347274,44.87823949955322,-0.0038988481962825006,-0.000677091175814301,-0.0032217570204681996,0.9278224074875531
ECLN,0,0.010323598347202534,0.005088993859534874,0.01171598957583897,0.005244444444444385,0.008930530257807545,0.0088587902520465,0.011156675625742851,0.006425213252939946,0.005922908979729664,0.0060999856326669375,0.7319029476639262,0.004102414988669353,0.007168593911075225,53.309362728864095,0.015168767747823608,0.002607652243598233,0.012561115504225374,0.9278224074875531
ECLN,0,0.004070809326198743,0.011374851168683975,0.01921084122823613,0.005244444444444385,0.01073452259372032,0.011035279478199156,0.011156675625742851,0.006251517752692446,0.005758378962064668,0.0060999856326669375,2.461088783339423,0.004092078051667176,0.005258063979344316,54.679463629683994,0.03725817954808974,0.00973847244963885,0.02751970709845089,0.9278224074875531
ECLN,0,-0.011605762904997707,0.00679425806637779,0.007004130641147244,0.005244444444444385,-0.002341003657659435,-0.0013926438256965934,0.011156675625742851,0.008014791650829143,0.007185059438374741,0.0060999856326669375,0.6280076997112608,0.01628980891719739,0.006784596147000855,54.44942381562094,0.0308252302012626,0.014052978028550982,0.016772252172711617,0.9278224074875531
ECLN,0,0.005401273885350388,0.010447073283146313,0.007203976544005508,0.005244444444444385,0.0009714968407328328,0.00328064533659278,0.011156675625742851,0.008220703338728066,0.007199144029830731,0.0060999856326669375,2.2644232751866054,0.003899320865642812,0.005964112084353311,59.37581841990397,0.03621347043340961,0.018566382781374662,0.01764708765203495,0.9278224074875531
ECLN,0,0.0009312756575945436,0.009017581729817481,-0.0015009558718973581,0.005244444444444385,0.00011267448720464479,0.004366590150157501,0.011156675625742851,0.008234738927458043,0.006492520862058079,0.0060999856326669375,1.0589610193772148,0.009493971328206499,0.007575518830276647,57.442041245598816,0.041799887110823164,0.02328102885786684,0.018518858252956325,0.9278224074875531
ECLN,0,0.00544953954239058,0.004149823482375137,0.009259935768130001,0.005244444444444385,0.004727766059383409,0.008905149032557569,0.011156675625742851,0.007200626784075564,0.006434396232203241,0.0060999856326669375,0.9288829888109236,0.009480284030820412,0.008651092638706859,63.32963866105079,0.056825937862992504,0.030068262130864186,0.026757675732128318,0.9278224074875531
ECLN,0,-0.0033363549378053747,-0.0032579236795965416,0.00807986909211289,0.005244444444444385,0.0020315812790734356,0.0047293213162140635,0.007518237189899191,0.007133834096884884,0.006507228156102349,0.0060999856326669375,1.2709230877886855,0.006631886108409259,0.009159054250055275,60.29023746701843,0.060741507092025415,0.036260020009573894,0.02448148708245152,0.779384304887559
ECLN,0,-0.003145408839988373,0.005273885350318475,0.012103975554778934,2.2176531527140497e-05,-0.0021660156818018583,0.00037079410152163206,0.004348061953717952,0.004334301746752773,0.006076819479475688,0.006130973849226069,0.21254838945292528,0.002356996223737255,0.006372491711363247,54.84872332983556,0.05636842755240323,0.04031159687878025,0.016056830673622985,0.6615598363934092
ECLN,0,0.008335022936361236,0.00820726268308758,0.01874007784093812,0.01997410704557545,0.0045054683559964115,0.00684065929720723,0.01171610652346744,0.005184164056466461,0.00648376995600301,0.005775377983708947,0.22577194082709265,4.0843641116255775e-05,0.005600796266457936,54.05321231535863,0.07018312079970457,0.04632137714408296,0.02386174365562161,0.9142794590246909
ECLN,0,-0.0027867930515541595,0.004462166524257016,0.01351998620539896,0.019267822736030782,0.0008154091518799422,0.00269185169132391,0.007935507370409267,0.00556512137609196,0.006643683556559773,0.005796932083763621,3.6663675341509623,0.008821676118462544,0.005466337224509146,55.99907812860097,0.07398645043176444,0.0518806447003965,0.022105805731367938,0.787379818970282
ECLN,0,-0.007025834908632622,-0.008000956841416107,-0.0038843359176230496,0.007786144819096119,-0.0046204912311731405,-0.00396618471991772,0.0004671089732062317,0.005808522396506628,0.006300367791729523,0.006004514818028463,0.703134484181902,0.012374274201224755,0.006045135258590013,52.27174941915495,0.06057435625085006,0.05362598070348106,0.006948375547368997,0.5174058380288027
ECLN,0,0.004651457943332105,-5.0528656064030564e-05,-0.0033082877171555225,0.015838998521009007,1.9581227035603277e-05,0.0009993048176859531,0.004333749802153619,0.006287500993664964,0.0063483476990480745,0.006009069642837311,2.6287523803410573,0.012550689119367384,0.0072288958607816395,60.57842046718574,0.059717577590401305,0.05484799338757936,0.004869584202821943,0.6716849291854058
ECLN,0,0.006790131254816201,0.009915857769217107,0.01524203821656056,0.022352926084614033,0.004823237274149017,0.0062737039474618506,0.010036810298011956,0.006604674979819361,0.00528947155821401,0.006154468611556237,0.3926917464949566,0.005960111171757897,0.007949518850385768,63.196809836337884,0.07359186318951672,0.05860585329570568,0.014986009893811034,0.9034363821205557
ECLN,0,-0.0027792939464091893,-0.0012158837778483145,0.0069813998276822,0.014235670212290774,0.0022750603445882422,0.0027793295604772172,0.00651814693011965,0.005751746189295307,0.005256099888718124,0.006134860713067202,0.8373887500548028,0.004403900597672242,0.008822130241696964,59.770494510030495,0.07721700446617064,0.062335297323683835,0.014881707142486801,0.7631626560736254
ECLN,0,0.006291286568103072,0.007876496534341415,0.01237380929776255,0.010854280884141865,0.006993235926647801,0.007845060913348911,0.01229996672605771,0.006161153035846503,0.005546625886175964,0.005919290883079668,1.202244189153086,0.013129102844639003,0.009683615586932256,57.613186622015334,0.0935647884548878,0.06859087558842814,0.02497391286645967,0.9511004866081795
ECLN,0,-0.002150672085026506,0.012824824697782233,0.004721256987460398,0.014024911292038977,0.0022770174462487525,0.005202483059101759,0.009417715626855783,0.004660718717657844,0.005425783574602453,0.0057974906089636015,0.5472026183900992,0.00657870004887037,0.00852450075646138,53.405081945250735,0.10024399077908086,0.07492934527196773,0.025314645507113126,0.8313261626715801
ECLN,0,0.0017229928699422636,0.009872535024444407,0.009821507522453699,0.017980733109635327,0.0020369024041715367,0.005949270600108303,0.010254767370516893,0.004513972954976709,0.005263383523935159,0.005760861728589829,0.15714316764111372,0.0030084875626246906,0.00661606044511284,64.96157041960944,0.10832175719222548,0.08161444826134512,0.026707308930880358,0.849693332759827
ECLN,0,0.002282947942532365,0.005351552452115271,0.015320475454291937,0.02760988966945721,0.003251806524398493,0.006714213243412592,0.011185632917832367,0.0036860957936561784,0.005065670090909333,0.00544729489926595,1.3091639563803328,0.006240405376733251,0.006672119286107911,63.110989611809664,0.11875374561221363,0.0890481973543311,0.029705548257882533,0.9007811780535468
ECLN,0,0.013507357437939183,0.021770997168921058,0.0205286423887876,0.03965342858606036,0.012416258204311692,0.01822243273599211,0.022845000506980906,0.005938361526124413,0.006012858890944808,0.0060866263954616855,1.1138251939518002,0.02247391640318823,0.010286122447211108,69.77827547592386,0.15759245532552413,0.10276574347635732,0.054826711849166807,1.201887523466513
ECLN,0,-0.0016532182340427415,0.013704282588308914,0.02168872085696294,0.035501938269160815,0.007987835165498058,0.014350181719338106,0.019369606827064123,0.0063324207155620316,0.0059215256650365,0.00613886214605915,1.8002605789384243,0.005149806959331773,0.008690263270149663,65.54399243140969,0.18214148622330484,0.11864894576611326,0.06349254045719158,1.0548570586130073
ECLN,0,0.006525144626315038,0.022517950452990432,0.03563156391788569,0.03160882303673529,0.010051622797706994,0.0173951504787897,0.02441088919900891,0.00582495165553824,0.00507490031557594,0.005914768127189739,0.9978062288714666,0.01286764705882358,0.009948052672140304,71.95891151558844,0.21507783373985845,0.13794254977644765,0.0771352839634108,1.089092470989014
ECLN,0,-0.001225490196078427,0.01950825926783062,0.029573390265162702,0.026167265264238182,0.004934041185033156,0.01319106390345226,0.02182249250715751,0.00630308735433146,0.005265856481648727,0.005915650679055172,0.8714339892967006,0.00260736196319021,0.009867827552253409,73.94444444444449,0.2353569039104002,0.1574317452087518,0.0779251587016484,0.973155206050498
ECLN,0,0.0022515337423312243,0.019476305180784692,0.02493208610164821,0.04055414012738856,0.0033355054141315232,0.012970062052299003,0.022083400458904556,0.006305101747314233,0.005088911374031505,0.005075224256128818,0.23196538725154214,0.0024607172807236885,0.009111889933051497,71.4358219560473,0.25405913709143135,0.17676224206919383,0.07729689502223752,0.9574136901490553
ECLN,0,0.00037339242319434085,0.006264989024724388,0.028172381251966083,0.035350463737266136,0.002457255651503898,0.01054240567439213,0.020683409710132494,0.0033224726509235754,0.004817492825553859,0.005022223686026264,1.333144636286442,0.001395109773111104,0.004896128607036072,74.9656774738622,0.2666985421115271,0.19475323866146402,0.07194530345006309,0.9083831095648248
ECLN,0,-0.010643830922485775,-0.0027969310850983753,0.010869021569240411,0.02337732206715404,-0.007660643673279233,-0.0012872389773987969,0.008656063587904939,0.006346267346798323,0.006222617586404813,0.005737594865837858,1.6761461236019393,0.0062867798266419295,0.005123523180498102,70.32743845048792,0.24704296002702364,0.2052129208473745,0.04183003917964914,0.6741548307271803
ECLN,0,0.00940079226413748,5.2083333333285964e-05,0.022571206596243343,0.027399028050561602,0.0016576816760198732,0.005863223901072967,0.01675787627037506,0.007217544461092482,0.006612312722007246,0.005956497407647727,0.672907365024575,0.00679192566563624,0.0039083789018606345,72.47369146638482,0.2520454018274947,0.2145806622298088,0.0374647395976859,0.8260986993865634
ECLN,0,0.006442679149676556,0.007730061349693118,0.027389120658489752,0.037479630635524064,0.006554307116104718,0.009618915879739287,0.021420543138788162,0.007683394496357938,0.006737441860139306,0.00595126124099632,0.10630691653495898,0.004812492390113375,0.004349404987245268,72.41411071198303,0.2691867021392298,0.225503031677233,0.04368367046199678,0.899631093412396
ECLN,0,0.0046816023377573845,0.010173413235231132,0.029847858916915326,0.04562561776110696,0.009210947953435245,0.011372261463038935,0.023909991171103817,0.007813441304008469,0.006762562046179465,0.005861582940412669,0.19211217487079557,0.00412048791424546,0.004681359113949622,77.17964767951355,0.2913417333983972,0.2386718923042318,0.05266984109416539,0.9320586566190541
ECLN,0,-0.003123693411460904,0.006642068678561985,0.012948670190658929,0.03374313119920069,0.004724566217519488,0.006915318638064383,0.019014046993443,0.008150400491340597,0.005867945395932925,0.005795092434564297,0.11765562078501772,0.0032094630531839473,0.0050442297699641895,71.32775622750862,0.29740187513730376,0.25041868831635633,0.04698318682094743,0.8344363634395112
UEVM,0,-0.012870879120879142,-0.02925318409880362,-0.004470611517910172,0.04605792437650846,-0.014281756057950123,-0.01645052826770399,0.02531082056943279,0.009915544123434414,0.009337396848567226,0.009202016327003704,2.0767013410201782,0.0027830733478980954,0.0033494576390682242,56.06579849211789,0.03607782161157047,0.08903230997236895,-0.05295448836079848,0.9514361369363626
UEVM,0,0.00667738812542118,-0.010175799345590208,-0.004325599685410908,0.04605792437650846,-0.005671052264709764,-0.00945690893047757,0.02531082056943279,0.010354434669087103,0.009349610823889888,0.009202016327003704,0.6380557587580266,0.006516587677725085,0.003910016098292772,58.930998330291644,0.011768491114224844,0.0730160232077317,-0.06124753209350686,0.9514361369363626
UEVM,0,0.023390600315955856,0.002990129669053543,0.020770139846365998,0.04605792437650846,0.01696987346084322,0.011625855083417846,0.02531082056943279,0.014954048281173107,0.011959413027062592,0.009202016327003704,3.9895150720838792,0.007612229736900515,0.004871207933034969,64.71618488432219,0.06501433792887212,0.071369336028415,-0.0063549980995428745,0.9514361369363626
UEVM,0,-0.002595297590907819,0.01214019972586633,0.006817296455005728,0.04605792437650846,0.011868360409147849,0.00831149861344982,0.02531082056943279,0.013580795610315683,0.011582999799199054,0.009202016327003704,0.6256490134994808,0.002901915264074399,0.004276732947862784,61.14066602183224,0.0964914238111021,0.0765094997827967,0.019981924028305398,0.9514361369363626
UEVM,0,0.0052234474753338755,0.019623233908948157,0.008932038834951417,0.04605792437650846,0.01318703089401474,0.01266967479193104,0.02531082056943279,0.013348960795386396,0.011650005101672146,0.009202016327003704,0.9045369972806642,0.0014414934565049947,0.004251059896620618,62.05814894765245,0.13643669610613784,0.08871481037643066,0.04772188572970719,0.9514361369363626
UEVM,0,-0.002694380292532772,0.030134720629133582,0.0,0.04605792437650846,0.004518589021631492,0.009941157577326276,0.02531082056943279,0.010641501968409614,0.011542930144403678,0.009202016327003704,0.881377785964266,0.003087610961018846,0.004311967419244768,58.3629521220991,0.15649467491972757,0.10246900207747275,0.05402567284225482,0.9514361369363626
UEVM,0,0.01157854110382095,0.035150078988941624,0.024616599492578217,0.04605792437650846,0.009185085930897063,0.01913334393553434,0.02531082056943279,0.01094097591727637,0.01110219303207059,0.009202016327003704,0.4851471718587512,0.006962991224723426,0.004401248128644436,63.20084485407064,0.2091764567677643,0.12405941351189156,0.08511704325587274,0.9514361369363626
UEVM,0,-0.007821442197634587,0.0035793881272370154,0.006580220630926892,0.04605792437650846,0.00057714505579054,0.010494297050739787,0.015018210219033934,0.00764514107723853,0.011196694546806734,0.009202016327003704,9.133914985917317,0.012113055181695741,0.005301413217603482,55.501182343667836,0.2202474622284214,0.14347611067687713,0.07677135155154427,0.7910768558272082
UEVM,0,0.008075370121130687,0.014316115302766441,0.02663011552770711,0.04734318817419081,0.005793431553100081,0.015969891791358437,0.020854004831873496,0.007964648751867755,0.010497940300178588,0.009238255314657422,0.9665215034533111,0.007819950410070504,0.006285020246802703,57.32329595565073,0.2543664611483436,0.16581904250931817,0.08854741863902543,0.9115995848050283
UEVM,0,0.005149723440778242,0.014241724403387224,0.03414442700156983,0.045634920634920695,0.008110796541433984,0.01777022958347141,0.02381864538885292,0.007959274402568363,0.010377569536097607,0.009203989380899216,0.2145614442444999,0.006641366223908945,0.007324994800283492,56.98457044891739,0.29615505591097957,0.192041032497946,0.10411402341303358,0.9541378683074078
UEVM,0,-0.010246679316888163,0.006561173292165101,0.036893613045457574,0.032258064516129004,-0.0035152070915484,0.0037438336433148756,0.011726013112869138,0.009783785512196802,0.00994422170274758,0.009619059227545005,0.13061662353853626,0.006326687116564385,0.0079728100313926,58.08549885116978,0.2879924223594301,0.21132236398379675,0.07667005837563337,0.7314474213442809
UEVM,0,0.004409509202454087,-0.0005723006486074711,0.03455766192733023,0.030082579630357875,0.0009935419771485154,0.00478611135883944,0.014681604184694885,0.008326266163308333,0.009893841944529446,0.009573795318180424,0.021325596155589807,0.004008398549341494,0.007381891496316214,56.10086767895874,0.294244862230542,0.22796975570088338,0.06627510652965865,0.7885148715430116
UEVM,0,-0.008780301584271788,-0.0015381657373582103,0.0020357166977009733,0.022848138664565587,-0.007492068346011349,-0.004237694387451807,0.0046438418601988385,0.00855680160858924,0.007668493138041017,0.009825856975410885,0.5153475801516186,0.007028692470633584,0.006365018954103782,57.46424107762807,0.26336415440508176,0.23507009490018824,0.028294059504893526,0.5956673291109631
UEVM,0,-0.003081070672058428,-0.012588212855235481,0.0015476881408398313,0.008375535644721488,-0.008047518681739696,-0.007457965068348726,0.0011320508065331136,0.007177220580343773,0.007689886730669981,0.009573158435086465,0.14053031629829416,0.004635889511300019,0.0057282067743496855,56.969780408893776,0.22488513633218332,0.23302816610570432,-0.008143029773520993,0.5235289920605724
UEVM,0,-0.0025111068186208785,-0.020113851992409892,-0.006158583525789019,0.0027184466019416487,-0.006502751163953824,-0.009342567191666373,-0.0015170598660517731,0.005823327532639223,0.007513338171646635,0.009573689179944367,0.12311539412598518,0.0021998450813324024,0.004839902545834377,62.6388389562716,0.18296514733440006,0.22299615762492342,-0.04003101029052336,0.4683771319346613
UEVM,0,0.006777691711851386,-0.0032592024539875863,0.0032805866460825506,0.0032805866460825506,0.0008855690743878597,-0.0029533599263578125,0.005085162553531086,0.006249880534994199,0.007810079474818414,0.009593213922770405,2.8406654919147956,0.004423927678399769,0.004459350658201454,62.73825250047173,0.1733603351025934,0.21305360776975957,-0.03969327266716616,0.6055702250093821
UEVM,0,-0.0017311021350260303,-0.009352929948463484,-0.009919877909195018,0.014452527921877234,0.0010415461173474139,-0.00368578668509556,0.0026286644000947934,0.005577448484926793,0.006746571022452728,0.009116320698556758,0.032788448030184436,0.0038709055876686763,0.00443185206586689,50.89784754429775,0.1573134363755173,0.2018917557874296,-0.04457831941191229,0.5558292231019927
UEVM,0,0.0011560693641619046,0.0005777007510110455,-0.000961353585848812,0.005612541126378989,0.0020828511918538073,-0.002438228348724314,0.003506672566163216,0.004061847865751902,0.006318148393192779,0.008857611133521359,0.06818194872855313,0.0025019245573518582,0.003526498483210545,53.268765133171925,0.1473459204803902,0.1909717740999744,-0.04362585361958421,0.5743639270550959
UEVM,0,0.005230946882217147,0.008920224067993088,-0.003780278466526843,0.022749167808889803,0.005533613273895233,0.0031616845775017666,0.007625511897789483,0.0041236082791436144,0.005964415882545644,0.00845528749264931,0.02791713869558181,0.006543906202734717,0.003908101821497484,53.28912338448131,0.15786061779603955,0.1843442920069041,-0.02648367421086456,0.6662185275728234
UEVM,0,0.000156992483506313,0.01161890007745936,-0.008728652751423205,0.02511773940345363,0.0033735169317361535,0.004206363638810107,0.006540974926648069,0.003563333201529643,0.005652526694726539,0.008423359691189366,0.06503202757581256,0.005168453292496095,0.004501823463730223,55.249999999999986,0.16486264256250394,0.18044549095927997,-0.015582848396776039,0.6506738177841763
UEVM,0,0.010166539050535883,0.01502404308520866,0.01171587423312892,0.04904172820903274,0.010542203859091437,0.013225416931551992,0.014363214424455428,0.004748747750683889,0.005572174587480518,0.007948975423118863,0.2872596320963279,0.003918811622270546,0.004400800252504379,54.4656711861819,0.20798173048604696,0.18595553278776583,0.022026197698281125,0.910578660247104
UEVM,0,0.007723924648150193,0.024637764932562645,0.015054399694598208,0.0501323064770931,0.01338470380544976,0.019507618312169406,0.019710050496823506,0.004252434242967725,0.005875946430748789,0.007981807409158093,4.6849654578779045,0.005829401621325874,0.004792499459235818,64.87387685493923,0.26981243594785553,0.20273371946087398,0.06707871648698155,1.1435448733502724
UEVM,0,0.007452231814617516,0.03108160123171677,0.03167725784710185,0.0337774604675396,0.014691098294447702,0.023876239688137568,0.025587915999611743,0.0037771138176526573,0.004873775079853641,0.0064285913206494965,0.11721748028932251,0.004946336910872619,0.00528138192993997,64.66069142125475,0.34487294059754703,0.23117079204587415,0.11370214855167288,1.1649723470343014
UEVM,0,-0.0012076528231451666,0.024477425629597427,0.03361599381881386,0.03521570903462967,0.008581280338787911,0.019249827951365095,0.022567738999981657,0.005050142687602638,0.004638661322996131,0.0063873540210946725,0.06011600510359835,0.028779506001648265,0.00972850188972268,60.950887909830435,0.39474379650904723,0.26389388834001326,0.13084990816903397,1.0275961026825382
UEVM,0,-0.004268337123880861,0.019944486983154652,0.0317951200619675,0.02544072363356431,0.0003473304370353869,0.011735177886627257,0.01691864788233488,0.006310570821805421,0.0049095370402441885,0.006467913714520936,0.10792242462311558,0.0026819614165411606,0.009231203514531694,66.5564770815501,0.41190862613728285,0.2935029854683473,0.11840564066893555,0.8750688837173812
UEVM,0,-0.006944196809798409,0.0026681270619715036,0.017732256203115915,0.021071015052103403,-0.007124205033592568,0.0029537833276815917,0.008805809185828073,0.00673748272099173,0.005644254215723235,0.006671839841672309,0.28629267455824325,0.007087252584012292,0.009864891706880043,57.39633230350615,0.39244439313083035,0.31329455543945467,0.07914983769137568,0.6972718137019508
UEVM,0,0.0027101653881262955,-0.002320477935714771,0.022260115606936415,0.012119420068676057,-0.003972074204458664,0.0034744550949847852,0.010927597757698804,0.005695617376396883,0.005511006180880901,0.00621535612305044,0.12188782489740083,0.003300330033003175,0.009359077389215504,67.51985053713219,0.3836591849432409,0.327369352201601,0.0562898327416399,0.7387045177276256
UEVM,0,-0.004529236475903531,-0.014185720951936598,0.016454965357967533,0.015477792732166984,-0.005645875506073095,-0.0026833040328870794,0.005577657383898815,0.0037150599985130484,0.005911402949607789,0.006020541393784622,0.2122073206125934,0.0016093912714191206,0.008691688261324802,65.8727747736799,0.3539647577667324,0.3326889989965031,0.021275758770229303,0.6232339300896467
UEVM,0,-0.011998485278803317,-0.024836339919604322,-0.0009668439533004891,-0.00474346748045007,-0.012635603117405303,-0.014555621548174247,-0.006252473951675275,0.005314181863650189,0.00713555328624001,0.006402427587966771,0.3615487490622044,0.004202654974099994,0.0037763180558151492,57.130812804637046,0.27794885024323435,0.3217400378112425,-0.04379118756800815,0.3629526492129796
UEVM,0,-0.003415016490581846,-0.024000645622622274,-0.004534839203675367,-0.01322390891840608,-0.011222337741751298,-0.017481365377653768,-0.008988510097328595,0.005357322025266395,0.007211715657947709,0.006310256793696767,0.12810211883625996,0.00423051702686953,0.0040860291778808235,50.1807544774678,0.20151245938335904,0.29769288556128876,-0.09618042617792971,0.30588442668302546
ECCX,0,0.011074651353568443,-0.006248740173352196,-0.009841333601124713,-0.0021182579252413403,0.0029172074553569516,-0.000999405868206571,-0.004235448406492814,0.008167927114213222,0.005653434503779157,0.0051689413099376144,0.5439500028933512,0.009541582150101523,0.008589427524010738,48.2386014231748,-0.03551324509667353,-0.019249443763102406,-0.016263801333571123,0.3496499410966966
ECCX,0,-0.007302231237322543,-0.012908430818878602,-0.013708126932176823,-0.0021182579252413403,-0.0018071085040159973,-0.006925547824428446,-0.004235448406492814,0.008579340822869864,0.005965147810433833,0.0051689413099376144,1.129307195908925,0.009803841438496063,0.009340030422440096,41.65212774027148,-0.042304177072502114,-0.024028539922503006,-0.018275637149999108,0.3496499410966966
ECCX,0,-0.004899877400898922,-0.007394574322809433,-0.016157575757575704,-0.0021182579252413403,-0.005225912880208239,-0.010185092595076717,-0.004235448406492814,0.007614929330301581,0.006064638901858875,0.0051689413099376144,2.4571633164544013,0.009852115597061149,0.010413647394653832,33.56497048494367,-0.05419727225411819,-0.03023704013407199,-0.0239602321200462,0.3496499410966966
ECCX,0,0.0,-0.007738386308068335,-0.01575990299110741,-0.0021182579252413403,-0.003680026710267237,-0.008613827968537935,-0.004235448406492814,0.0075959304273319,0.006074911236689156,0.0051689413099376144,0.0,0.0,0.007398162472078434,27.86792146681806,-0.06259483149398903,-0.036857682007424314,-0.02573714948656472,0.3496499410966966
ECCX,0,0.008620087802513998,0.007383100902379036,-0.007676767676767726,-0.0021182579252413403,0.0034302934625045634,0.0007061171421038903,-0.004235448406492814,0.008109520539123732,0.006874610691340454,0.0051689413099376144,0.45137993293783857,0.0,0.005839507837131747,38.382577333888115,-0.05502341040523362,-0.04055747727330932,-0.014465933131924298,0.3496499410966966
ECCX,0,0.0016286644951140072,-0.002028397565922768,-0.008264462809917328,-0.0021182579252413403,0.005475344600107013,0.00317386267202302,-0.004235448406492814,0.0061952950121281014,0.006848618959753367,0.0051689413099376144,1.0001183572020358,0.006910569105691126,0.005313305228249668,42.47977664829273,-0.04596948763917297,-0.041655706497603,-0.004313781141569967,0.3496499410966966
ECCX,0,-0.0024390243902440156,0.002860645688598229,-0.010084711577248884,-0.0021182579252413403,0.002449342403035404,0.0017483652193293064,-0.004235448406492814,0.005128904714622861,0.006867095752071773,0.0051689413099376144,2.559141799784513,0.007742461287693614,0.004901029198089177,42.482817869415776,-0.04234753730370855,-0.0417956865185882,-0.0005518507851203502,0.3496499410966966
ECCX,0,0.003985330073349669,0.011815146549706057,0.0043332042475998644,-0.0021182579252413403,0.004084347356177798,0.0053044336904986,-0.00016090568187798748,0.004212050539127952,0.006140754159656924,0.0051689413099376144,0.3858267716535433,0.009335249088798386,0.004797655896436625,46.55799541964165,-0.03257118889094812,-0.03993361239061771,0.00736242349966959,0.4942778451365692
ECCX,0,-0.008434194611531831,0.003281300692810296,-0.004482477587611999,-0.01452198467123833,-0.0050322641604719776,-0.002726886777048465,-0.007869024091157417,0.00647430914766877,0.006754238114562176,0.0053914540976951215,4.715352049910873,0.014735980352026175,0.007744851966841859,40.48977650974794,-0.0385525892111076,-0.03965535457442698,0.0011027653633193801,0.22429962174449414
ECCX,0,0.0008186655751125649,-0.004478827361563464,0.0028712059064808226,-0.017902690022775114,-0.0033246968394999854,-0.00219557782874491,-0.006157353134851995,0.004804851279744135,0.0064087074242627695,0.00527776686410508,0.5537227688982425,0.004089979550102308,0.00856284787686232,39.22544615758159,-0.041375641676733466,-0.040001455011266576,-0.0013741866654668894,0.2738681422382109
ECCX,0,-4.089979550148115e-06,-0.0061016260162601865,-0.008117647058823452,-0.017879092187186196,-0.002107622622904426,-0.0013841811255528302,-0.005261557270418438,0.00464382755921562,0.005179925603390405,0.0052779760148993285,0.8318375438690493,0.005721904793066671,0.008325115014337432,39.583460949463976,-0.043086753059778715,-0.04062144242876922,-0.002465310631009493,0.29216371589188145
ECCX,0,0.009083881733667587,0.005378973105134577,0.008255006129955111,-0.005566281474077006,0.005873302038410078,0.006856434401091294,0.004056597016480534,0.006408315293900505,0.005478581558092878,0.0056873118574187215,1.3014051349959537,0.00494487678339818,0.007765598113478343,54.401353298665484,-0.028473556374752462,-0.038182651727191576,0.009709095352439114,0.6687924817855757
ECCX,0,0.0020711738002592295,0.0034621597707586993,0.015318212245534868,-0.0010868686868686916,0.007256060297412992,0.007408331020904102,0.006191248007048955,0.0062472528919645595,0.0050979330063178644,0.0056863030938653315,0.8065216835756817,0.0016179200828374738,0.006222132312286161,55.58674559101726,-0.013176170799809483,-0.03316619422923446,0.019990023429424977,0.7604042108076159
ECCX,0,0.00027909121428959516,0.012279983626688473,0.015601578638280822,-0.0004042037186741121,0.00508026823816321,0.006131994102349658,0.0064925484753550755,0.0037930380438654745,0.005089364399110389,0.005686046787402723,0.0936685147211463,0.004545086938940596,0.004183953629669046,61.77975228863765,-0.0006142975165737141,-0.026640035603370894,0.02602573808679718,0.7741850443936943
ECCX,0,0.0008087343307723316,0.012269938650306678,0.007736156351791479,0.0,0.0034461787958646184,0.006167910927105558,0.007306533552973615,0.0037941081494402788,0.0044440657233534905,0.005688297566082112,1.4143783329276658,0.006060606060606003,0.004578078931769785,54.04661702816451,0.010617826980084288,-0.01917402171554611,0.0297918486956304,0.8085602262640826
ECCX,0,0.0,0.012274078830588175,0.0060975609756097615,-0.0022172949002217113,0.0010103126306875154,0.005554724928981347,0.007419286889608134,0.0037934477709252565,0.004439342035021141,0.0056645757913415485,0.4880288619219416,0.009696969696969635,0.005373091912550377,63.2625994694961,0.01925801969732177,-0.011475700858442194,0.030733720555763965,0.8226210324037432
ECCX,0,-0.005979797979797974,-0.002837224383916981,0.002526487367563224,-0.007583703106091133,-0.0044117968420566145,-0.0007100068726065834,0.0017784193343806098,0.0031300282317611116,0.004833842087980464,0.005815493827112312,0.41850063048702146,0.0076375904398016045,0.005911634643831062,61.62222017163417,0.01503033076684801,-0.006167923823673216,0.021198254590521225,0.5829687234737014
ECCX,0,0.004186651491748572,-0.0007321088374839801,0.002727516255509821,0.007072539388133459,-9.713689016255245e-05,0.0031998440685123697,0.0056172914885821434,0.0036714602745262187,0.004851455215346224,0.005386863948698374,0.11327093832493401,0.003383930378465777,0.006264836702956723,64.95323165079623,0.019087373922925366,-0.0011118569882920442,0.02019923091121741,0.7547949439124799
ECCX,0,-0.003440599069014283,-0.004448038819247824,0.007777322963569366,0.0032599837000815146,-0.002649339285569652,-0.0010225114829661708,0.0019942208294330133,0.0039326092767228765,0.004044358930368722,0.005453738842650763,0.6013752231888462,0.006153533712428864,0.006586526057654377,52.825390845733764,0.01577964091458739,0.0022691212792402137,0.013510519635347176,0.5902429814038664
ECCX,0,0.005097481722176944,-0.0001818181818181719,0.012085889570552233,0.01499179655455296,0.002471186372014822,0.002867303620097461,0.006353379674675308,0.004772430274180201,0.004268744128988971,0.005319966872324695,0.5847817690227887,0.005071629185104315,0.006388730682554039,56.340974461779794,0.02230540806466408,0.006278920148296562,0.016026487916367516,0.7930878947311362
ECCX,0,0.00018185124568104172,0.0,0.012274078830588175,0.0040567951318459805,0.0026534870060159754,0.0018312260471260444,0.006331758102241292,0.004773382728404921,0.0042632683332692375,0.004733414352255444,1.7406749555950267,0.0036363636363636307,0.005176609470432839,59.617145997435536,0.02748528090275215,0.01052234397068987,0.01696293693206228,0.7832067495681827
ECCX,0,0.0016161616161616266,0.007641655149987825,0.004782749675745768,0.013077237433592126,0.0027465304322851214,0.0029712872665128565,0.00730284403567194,0.003402811069131466,0.003273646747503442,0.0043962345630499155,0.5955848212401335,0.018293666801129416,0.007307824742698402,57.35976789168287,0.03421318774449489,0.015262435535024205,0.018950752209470685,0.8190648407661775
ECCX,0,-0.0016135538523598392,0.0018214936247724633,0.0010880512557083222,0.01642293050131216,0.0007642199497797098,0.0012439697806365668,0.004861091656729544,0.003255477626919219,0.0032822683475824694,0.004236023534271913,0.08354259223488505,0.0,0.006631038667005246,68.47148464557857,0.03607395237093769,0.019426090085359508,0.016647862285578182,0.7304221949589409
ECCX,0,-0.002020202020202033,0.0032493907392363575,-0.0012131014961586084,0.014369550843733592,-0.001903253310488906,-0.0006574621959236637,0.0021192590890086738,0.0028803798580034194,0.0033492391815917273,0.0042805418766571285,1.3653731850216524,0.005668016194332007,0.006533935163385874,63.94777951350155,0.03333820507620899,0.02220923562942267,0.011128969446786322,0.6159820640469114
ECCX,0,0.0,-0.001838718150774965,-0.002020202020202033,0.005700325732899136,-0.001536098310291889,-0.0004552582325864085,0.0018347366117663633,0.001471039598525707,0.003334150163856156,0.0038564326016366376,1.6490681718651161,0.0028340080971660034,0.006086410945798212,63.95491574601057,0.03081427391096625,0.023930600799289943,0.006883673111676307,0.6017042653966153
ECCX,0,0.008105263157894838,0.006068686868687001,0.006068686868687001,0.012203252032520373,0.005335908695237812,0.007034219071457182,0.009340377040325754,0.004110355791605221,0.004247502592971469,0.00422860801880201,0.661194942903752,0.01204809599922895,0.0077687574183712745,63.051933196065114,0.04372532242162208,0.02789020302552278,0.0158351193960993,0.968185747557044
ECCX,0,0.0032931462397891575,0.007753126260588994,0.015454028127794395,0.01801955990220039,0.007083632986219612,0.008799363922809889,0.011757506565416076,0.004218024015437211,0.003613015277968761,0.0042048986736480005,1.4012616169884915,0.009406697568669012,0.005991363571879195,64.31333554303401,0.05959305499059653,0.03423161633694817,0.025361438653648358,1.028274479727328
ECCX,0,0.0007125073052014486,0.010101010101010166,0.011940902651285334,0.01470098791288188,0.005773947075370378,0.008317001958958237,0.011736343936937343,0.0038975787777893005,0.0034954293196203363,0.004141789981740671,0.5025972202723571,0.011599999999999966,0.008311363571879189,64.73799126637563,0.07269472135864063,0.0419250554480587,0.030769665910581938,0.9742298384987003
ECCX,0,0.0,0.012145748987854255,0.015434606011372809,0.0233319688907081,0.00335199835610811,0.00677397803380253,0.010570772393389216,0.0034537265742413787,0.0031398877654472573,0.003545129624496559,0.6550795824871298,0.0032640000000000668,0.0078305603330128,63.950892857142954,0.08211809290914474,0.049964346847552354,0.03215374606159238,0.9327917656219569
ECCX,0,0.0,0.012145748987854255,0.010284698227960742,0.02249488752556239,0.0009416859381305986,0.005743195946130708,0.009448641171089678,0.0034537265742413787,0.0029024830503269145,0.0035539912309212767,0.49003482972136225,0.0035999999999999943,0.007983758713579597,63.950892857142954,0.0885548671610259,0.05768297621294103,0.030871890948084867,0.9014012952952113
ECCW,0,0.0029991431019709136,-0.01014799154334034,-0.008050847457627186,0.0029070014896785956,-0.0006830017928796117,-0.004084063643325142,0.004472049108089626,0.006128249670230073,0.00446700659408642,0.003831813403864634,1.9040438234751031,0.0029901751388295723,0.0030096580082511187,44.516129032258,-0.025977177696454135,-0.010370950772707305,-0.01560622692374683,0.7396567692918933
ECCW,0,-0.003844510892780817,-0.014370245139475935,-0.009766454352441611,0.0029070014896785956,-0.0016268516140081068,-0.006941191500234201,0.004472049108089626,0.005998282143420241,0.00455610975015235,0.003831813403864634,0.06641396961155928,0.0,0.001488102640541907,39.884393063583765,-0.03250784289413744,-0.014959784427766696,-0.017548058466370746,0.7396567692918933
ECCW,0,0.004189536878216105,0.0024700342465753256,-0.00646160373355964,0.0029070014896785956,0.0020608022237493806,-0.0021335644588300617,0.004472049108089626,0.003194617605252297,0.004819278992024371,0.003831813403864634,2.1234259919220717,0.002562164516583707,0.0017094396534476988,43.64365449225099,-0.031129210374530203,-0.018287331747553454,-0.01284187862697675,0.7396567692918933
ECCW,0,0.0009522711453302524,0.0034246575342467,-0.004670912951167727,0.0029070014896785956,0.0023287894998362813,-0.0007149321922838014,0.004472049108089626,0.0031859096348989444,0.004844099783608654,0.003831813403864634,1.7057315272849707,0.0038395904436860006,0.002477357742184899,38.09523809523814,-0.028311474426256922,-0.02033834499579675,-0.007973129430460173,0.7396567692918933
ECCW,0,0.00213310580204773,0.006426735218509005,-0.0050825921219822545,0.0029070014896785956,0.003179939476091409,0.0019292149165890393,0.004472049108089626,0.003103082776007565,0.004817216270666701,0.003831813403864634,0.5618341133127551,0.0012771392081735882,0.0021338138614545735,43.52941176470569,-0.02265349327897681,-0.02080986887143525,-0.0018436244075415616,0.7396567692918933
ECCW,0,0.0,0.0034173430158050966,-0.006765327695560264,0.0029070014896785956,0.0024949277768340217,0.0026134534591444325,0.004472049108089626,0.0029764034966428266,0.004760978830501625,0.003831813403864634,1.3374681581570496,0.003831417624521067,0.0023020623585928725,46.249999999999844,-0.018029741852149783,-0.020245713126448878,0.0022159712742990945,0.7396567692918933
ECCW,0,0.005108556832694733,0.012435677530017175,-0.0021132713440406015,0.0029070014896785956,0.005128240059192324,0.007950470825148992,0.004472049108089626,0.0021468851712902006,0.005098894925459279,0.003831813403864634,0.7873376623376622,0.0038119440914866523,0.003064451176890203,52.22222222222218,-0.006426306447629315,-0.01744959474051932,0.011023288292890003,0.7396567692918933
ECCW,0,-0.001977975434138024,0.006217519226909607,0.008702910958904297,0.0029070014896785956,0.0018980673218627064,0.005084434889801814,0.0023395992053871772,0.0026333948050095324,0.0027878937331715296,0.003831813403864634,0.7814210042463774,0.0014853607092385251,0.0028490904154211665,50.717600086327884,-0.000473792554249286,-0.014022827958349828,0.013549035404100542,0.624559919823957
ECCW,0,0.0032550618971025624,0.008532423208191142,0.011986301369863117,0.004461440407903083,0.0034526581732576833,0.0071531733419676335,0.0053777502759049245,0.002767737831230018,0.0028639650189953405,0.0038802947183164734,0.153230169895033,0.001446700507614298,0.0023705124282068263,51.589993640025504,0.009285103318418919,-0.009326589580006307,0.018611692898425226,0.7769192793210178
ECCW,0,-0.005076142131979711,0.0012771392081738497,0.007712082262210762,-0.005076142131979711,-0.0018952108793421907,0.0012728766586773688,0.0005296170804698352,0.0040629246845535535,0.0034507230285300778,0.003918745134473518,0.07148899014979945,0.0,0.0021150845865721083,43.64862223959356,0.008590955886653262,-0.005721801574103234,0.014312757460756496,0.5282316627643309
ECCW,0,0.0044090136054422135,0.005691783737760803,0.00912857753096974,0.0010042372881355899,0.0013691429927855658,0.004773414848157076,0.004890309920971836,0.004451727343655375,0.003578189518082696,0.004036054789592568,0.19316206297083255,0.005926252026566566,0.0025340514669812083,48.375257362814395,0.015079479944585472,-0.0015418057984158506,0.016621285743001323,0.7579640057643492
ECCW,0,0.0011132887735620933,0.0016941973739941218,0.014150943396226356,0.00424628450106157,0.002144122308194163,0.00448215653187356,0.005795123573519856,0.003884582691155454,0.00316509490739415,0.004008930087924558,0.2977612878883159,0.00042283298097258197,0.001856229244878394,67.1923168129002,0.02177587860109398,0.0031394162383222447,0.018636462362771736,0.7948620727213485
ECCW,0,0.004410147991543489,0.00810582558470152,0.014373742938034173,0.007819261773440722,0.004937049446644304,0.0074717545454199286,0.009835075957734807,0.003979070242408631,0.0031873069677072967,0.00411601138023481,0.26495557749259624,0.0048117603970649556,0.0025215091824436807,70.80299672892276,0.03405707261814328,0.009341692744809154,0.024715379873334126,0.9552906028332475
ECCW,0,-0.0006019962701491188,0.004230118443316222,0.012798634812286602,0.008067940552016983,0.003483024482618724,0.005585787607913062,0.00881973615156939,0.00395720869307001,0.003250607392382193,0.004112450560849386,0.6743306459639693,0.00042122999157546607,0.002316415079235914,71.23142250530778,0.042214278092409074,0.015932144549027225,0.02628213354338185,0.8816526521244036
ECCW,0,0.0,0.009353741496598511,0.010642826734780675,0.005506141465480674,0.001620143787761208,0.004522041727016202,0.008541162626200416,0.002402037829582059,0.003258188649979512,0.004082090812999415,0.0,0.0,0.002316415079235914,68.92201834862377,0.04808267170321656,0.022374711717135693,0.02570795998608087,0.8519949400292156
ECCW,0,-0.0027379949452399632,0.0021715480640205342,0.007875691783737926,0.0010570824524314126,-0.0015544963575190307,0.000988092575437749,0.0057263744573112785,0.0026265160448954114,0.0034659538200418876,0.004121538127146867,5.831920305214074,0.004223864836325147,0.0019759376411876304,70.95631641086194,0.04741658867813214,0.027390849206135225,0.020025739471996918,0.7341554265180454
ECCW,0,0.002323125659978942,0.0033826638477802984,0.0050825921219821435,0.002958579881656709,9.018933860871492e-05,0.002804726071190311,0.00791294486423122,0.002756921327791495,0.003180518712077647,0.004152110839542891,2.9301978350130646,0.0025284450063210585,0.0023970600462573256,69.41439761283111,0.05034092030311754,0.031986552630809774,0.01835436767230777,0.8151485146538235
ECCW,0,-0.0019890434049726347,-0.003009981350744928,0.005071445850114209,0.013818493150685063,-0.0012971481295932508,0.0003049555702543394,0.0052190507236042905,0.001962468126666575,0.0031814831275640237,0.002917236778482795,2.473452286354114,0.002660158427212949,0.0019667396522869245,64.64061746261457,0.04858957722699486,0.035310449377942574,0.013279127849052288,0.7130964586972972
ECCW,0,-0.0018072187410271834,-0.004212299915753892,0.0,0.011986301369863117,-0.0022605298654991834,-0.0015028142921946763,0.0028065007652551266,0.0020352602297204277,0.0030979117082332924,0.00296730908256674,2.1452761208389455,0.0021996615905245176,0.0023224259720767346,59.12408759124102,0.0435085625078635,0.036951372076829365,0.006557190431034136,0.6205048669305687
ECCW,0,-0.0008460236886632666,-0.005054759898904693,0.004251700680272252,0.011996572407883432,-0.0020938285291318692,-0.0027687732367118745,0.0013634143694378764,0.0019822118263055077,0.0025711244350375955,0.0029670480018131216,1.0395619248964598,0.0034716342082980836,0.0030167528137363515,57.71971496437071,0.03755352081337904,0.0370718782039715,0.0004816426094075357,0.5638275240996492
ECCW,0,0.003395427603725576,0.0010644139387538942,0.0032382734288023407,0.012396411789833417,0.001081327667626919,0.00029417685980326347,0.004145773619999682,0.0024815449046408323,0.0024117580247717367,0.0029851764436072447,0.776995380987758,0.004641311043788636,0.003100242055229049,55.62203939167289,0.038436144964947516,0.03734486997944192,0.001091274985505597,0.7021397071821084
ECCW,0,-0.00043037611496943295,-0.001685630004214067,0.0016913319238902602,0.01586620926243576,0.0009887351795359045,-0.0003050989503836643,0.002927498375375981,0.0021845834001488827,0.0024051586550358777,0.002808820314429267,0.1765833695844813,0.005850569860700729,0.0037646670261049834,58.27347525140397,0.03791999621119757,0.037459941904511414,0.00046005430668615704,0.6687608460013013
ECCW,0,-0.0020261713803293446,-0.0017227692671475392,-0.004727565114526655,0.009578225017828457,-0.0006948894348064449,-0.001857637422950309,0.00042040337989934784,0.002191660939842719,0.00196597288796045,0.0027563928445894148,0.5672320550639135,0.004991117502749434,0.00423085884121228,50.135685210312,0.033470029181895455,0.03666170031578238,-0.0031916711338869225,0.527407445986385
ECCW,0,-0.0030454276287962267,-0.0029610829103214886,-0.00716090985678175,0.005546075085324231,-0.0031483088624640887,-0.0041826862140352805,-0.0029005567808366717,0.0024528744795686425,0.0021290036022124075,0.0028632487085483204,1.1676991089122633,0.009758167161646179,0.005742559955436613,53.628447024673505,0.024165221061206665,0.03416175544207152,-0.009996534380864855,0.28622322205383577
ECCW,0,0.0012728044123886395,-0.0008467400508044287,-0.005897219882055493,0.004682843763303746,-0.0017106280593762735,-0.0023250898330161585,-0.0018636812240195866,0.002577554930324173,0.0022129802297404335,0.002840321783506475,0.5439654042720482,0.007203389830508547,0.006488911079878705,48.0741101901513,0.018881616578770632,0.031105092825423262,-0.01222347624665263,0.3488807267766727
ECCW,0,0.0012711864406778073,-0.0029620003206723977,-0.0019007391763464776,0.005959982971477151,0.00015237192293371393,-0.0008667892856388804,-0.0008906575665831307,0.001939796081722634,0.002142454835193945,0.0028489384391470474,0.7030144738274023,0.004392721117223854,0.0064391930945657495,48.384491114701156,0.016813478632649037,0.028246294987603376,-0.011432816354954339,0.41697830152714344
ECCW,0,-0.0016927634363097521,-0.004221190375686024,-0.005899705014749235,-0.0008470986869970609,-0.0006947268537346174,-0.001967296342521019,-0.0025397393199554363,0.001994936510244911,0.001990406434036666,0.002643386106350042,1.3307168602322788,0.008054260279779471,0.006879931178381498,35.19019289706122,0.011946092700622302,0.024985821138895237,-0.013039728438272936,0.26634165192314574
ECCW,0,0.004349300551080848,0.0021402588613483875,0.00041380242201083384,0.0054873468487011134,0.0032214737819118433,0.002331889863047998,0.0015247375671747498,0.0028880593537039135,0.002451175050436586,0.002774496903437743,0.44134088451458,0.00527590893359108,0.0069368894645498265,46.314152410575396,0.015861910627581466,0.02316084497187946,-0.007298934344297993,0.6465707007215121
ECCW,0,-0.005174611482066105,0.0,-0.0029610829103214886,-0.0029610829103214886,-0.0019698075753752375,-0.002559406326066993,-0.0035103325028548182,0.0035984121161833967,0.0029201938820044965,0.0029340317098908025,0.6113886545989317,0.01018243529910897,0.0070217430920423846,38.897596656217296,0.009321733548983246,0.020392787206988214,-0.011071053658004967,0.17785505315321518
ECCW,0,0.0033941450997030387,0.0021186440677964935,0.0012701100762064765,0.005527210884353595,0.0009937984942343103,0.0006990083559423876,-0.00040279751964633626,0.0038978346737835504,0.00313113849581059,0.0027925690737422566,0.3278530910489376,0.0021141649048626093,0.006003898106913198,48.39866769151919,0.010260743581437026,0.01836624056226019,-0.008105496980823163,0.45772741246927134
ECCV,0,0.0,-0.006459948320413411,0.0008676789587851452,0.0067940920938314164,-0.0017308524448290674,-0.0028095958504429364,0.0028615763070054534,0.00506313505073043,0.0037788243791602575,0.0031157359900902425,0.0,0.0,0.0024254754700774083,53.31917153478495,0.0025183336822962588,0.008961415169029372,-0.006443081486733114,0.7142111156057318
ECCV,0,0.0,-0.008594757198109093,-0.0021626297577854725,0.0067940920938314164,0.0,-0.0025940337224384935,0.0028615763070054534,0.004781292618490738,0.0036352710245286454,0.0031157359900902425,0.0,0.0,0.0019957376101719443,53.31917153478495,1.113863770996204e-06,0.0071040030280885205,-0.007102889164317524,0.7142111156057318
ECCV,0,-0.0017381881231035567,-0.0004383680555554159,-0.0051879049676024636,0.0067940920938314164,-0.0016507730629208295,-0.003810452379294116,0.0028615763070054534,0.0016920518051881674,0.0036220730745045063,0.0031157359900902425,1.30897827562797,0.010807689134559812,0.002768386548195016,50.62397579730251,-0.004341002748454059,0.004748706159661281,-0.00908970890811534,0.7142111156057318
ECCV,0,0.001741214681783232,-0.0012987012987013546,-0.00345572354211654,0.0067940920938314164,0.0003477585185660548,-0.0017304204804934331,0.0028615763070054534,0.0013605143307053298,0.0036907330160678865,0.0031157359900902425,1.2373996728669785,0.0036237537928045325,0.003493137306755923,59.544351577244555,-0.0051170299525473695,0.002730104058874999,-0.007847134011422369,0.7142111156057318
ECCV,0,0.0,0.0,-0.0038860103626943143,0.0067940920938314164,0.0003477585185660548,-0.001341500948660812,0.0028615763070054534,0.001230154938142373,0.003683214822385844,0.0031157359900902425,0.2811753128075355,0.0004334633723451046,0.0029729812599418896,51.61238310222505,-0.005648523564527608,0.0010236375667624857,-0.006672161131290094,0.7142111156057318
ECCV,0,0.001733853489380044,0.001733853489380044,-0.004737295434969813,0.0067940920938314164,0.0017347219200016806,0.0008666092969291661,0.0028615763070054534,0.0014539621712515013,0.0036156958414161012,0.0031157359900902425,0.3135245901639344,0.0010558199913457368,0.0031841452582110374,49.15282954930519,-0.003422324823432632,0.00012144309614201557,-0.0035437679195746475,0.7142111156057318
ECCV,0,0.002163565556036362,0.0039011703511053764,-0.004727116458959957,0.0067940920938314164,0.003119372071528126,0.0035101189436801405,0.0028615763070054534,0.0016353665625140094,0.0036165230913216373,0.0031157359900902425,6.283414488721058,0.0004317789291883231,0.0032705010440487016,50.81940347427085,0.0015940273827723672,0.0004193951062662161,0.0011746322765061512,0.7142111156057318
ECCV,0,0.0007081174438687832,0.006361295533198197,0.005920138888888982,0.0067940920938314164,0.002557394295522597,0.0036275642921572704,0.0032320083318417847,0.0008894201249661713,0.001461071013262111,0.0031157359900902425,0.05884650436141128,0.0,0.0011089632171367397,52.106607085860375,0.006535704821409638,0.001654044681663938,0.0048816601397457,0.7418972463366462
ECCV,0,0.0010182772130269413,0.00563502384048542,0.0043290043290042934,0.007819287576020795,0.0024508194171266595,0.0042146716629232195,0.003862490742938318,0.0008514878923274148,0.0012949498287020012,0.0031181507939199537,0.3905223805193493,0.00387931034482758,0.0011600745275413492,53.12402374258038,0.011866729078121807,0.003711764855927491,0.008154964222194316,0.7874809501248805
ECCV,0,-0.00043103448275849665,0.005201560468140576,0.005201560468140576,0.011409431098550415,0.0009806934607776707,0.0032607054493192233,0.002862200722501873,0.0010022951356143488,0.0011909314800214055,0.0029527875721598886,0.49979415397282834,0.0008624407072013615,0.0012458699945126005,47.45848864791616,0.015181128864060867,0.006019258697022434,0.009161870167038432,0.7486898297036877
ECCV,0,0.002587322121604174,0.0060579835569019025,0.007802340702210753,0.008676789587852562,0.002359100644613976,0.005073785384541285,0.00502230176907692,0.0012029067484007102,0.0013375361947287636,0.0027811736858289584,0.6411343145565231,0.006404301075268866,0.0023155662112972265,48.33388870376544,0.02170097793148784,0.009170483783644559,0.012530494147843282,0.9161058876437419
ECCV,0,-0.0021505376344086446,0.0017271157167528806,0.00563502384048542,0.0034602076124565784,-0.0001413593250609857,0.002349039537917097,0.0026875917194428833,0.0017637383858300532,0.0016197030059583945,0.0027676818446153765,0.9367943196368292,0.00398706896551729,0.0030266242185630196,69.03855306996681,0.023040601646219017,0.011955027063242389,0.011085574582976628,0.7181966042154593
ECCV,0,0.0,0.0010182772130269413,0.007386050308511916,0.002159827213823018,-0.0003447087211307931,0.0016129422207484811,0.0025792648025750875,0.001755847426274964,0.0014270954340443627,0.0027551963846531914,0.07171671896010758,0.0,0.0030266242185630196,63.88117712381998,0.02381341321195407,0.014333893977068605,0.009479519234885466,0.7056289910277198
ECCV,0,4.310344827507251e-06,4.310344827507251e-06,0.005639358474208933,0.002164146868250505,-0.00034126133982992357,0.0010549865915303602,0.002475065700722645,0.0016959390422583158,0.0013966780482523597,0.002755187372251838,0.632297695197482,0.0021551631242969086,0.0026817947744568857,69.69421737814126,0.02414436657612029,0.016300744048548386,0.007843622527571904,0.6941152662188333
ECCV,0,0.002150852798048275,0.002587322121604174,0.007802340702210753,0.0038860103626943143,0.0012911272255580197,0.002429544293373276,0.004435934699999811,0.0019106017188629625,0.001464255987170353,0.0027922625889195774,0.06148170919151553,0.0021505376344086325,0.00293941415989834,73.67175170962679,0.027689090534632754,0.01858282753720839,0.009106262997424366,0.8311263228234281
ECCV,0,-0.004301075268817289,-0.004301075268817289,0.0017308524448289564,-0.003014642549526325,-0.002156032624109905,-0.0020540873752298294,0.00026702592743976794,0.0024524656375952397,0.002122457401360905,0.002904399547095769,1.5891778303125823,0.002803455723542182,0.002219245089553003,58.32986255726768,0.022924138484047063,0.019452435379534238,0.003471703104512825,0.520429426806505
ECCV,0,0.004319654427645814,0.0021551724137931494,0.0038860103626943143,-0.0008594757198109315,0.0017225319064784195,0.0018679990433776439,0.004631242000758817,0.0031953019443165575,0.0024336166794759603,0.0030322804673489786,0.832171919255496,0.003010752688172055,0.002023981834083956,70.37585632290308,0.026201258027388263,0.020803872907731794,0.00539738511965647,0.8621713018303684
ECCV,0,-0.0034408602150537426,-0.001293103448275712,-0.0002761429730242515,0.0056423611111111605,-0.0014661252662253599,-0.001551753188074878,0.0008933307760228271,0.0036504537607854287,0.002711297065100444,0.0021431438824528683,0.21162139332236693,0.0,0.002023981834083956,58.620689655172555,0.022606235589986312,0.021164702792792367,0.0014415327971939451,0.5737693485629457
ECCV,0,0.003914544669831654,0.0026120577066479633,0.002616379310344863,0.006956709956709828,0.001919354380185423,0.002094599019131449,0.004462729012013611,0.00410946458555489,0.0029767419192188484,0.002235847449499227,0.3811360609817698,0.001319822705249606,0.0018569137502744953,64.21649023408384,0.02621222682273583,0.02217500804506822,0.0040372187776676095,0.8526132572353674
ECCV,0,0.0016895450265899115,0.0021505376344086446,0.004743423889607579,0.009969657563935863,0.0031800376644590678,0.0033122221514114703,0.005660400567917501,0.004068917129972867,0.0029970867995055997,0.002219726511772507,2.3293357933579335,0.005579399141630859,0.0025426860517189405,64.17910447761207,0.031638127695469365,0.024068832328893508,0.007569295366575857,0.9268877470265539
ECCV,0,0.0017167381974247942,0.008207343412527157,0.003870967741935516,0.011703511053315907,0.0032608125638857732,0.004645300808192809,0.006800215077372496,0.003089400640238348,0.0029411093388560534,0.00223259169308718,1.2163423833887292,0.004280205655527063,0.0028380360381159166,63.63636363636368,0.038493792374826086,0.026955287944957718,0.011538504429868368,0.9802632180674737
ECCV,0,-0.003856041131105381,0.0,0.0021551724137931494,0.007802340702210753,-0.0006078023945866873,0.0005560078977220329,0.0025287440082739643,0.003458101724062595,0.0031470596325051912,0.0024423536284236265,1.1922734486896605,0.004301075268817265,0.003096100554244959,55.016357688113374,0.03667559758378047,0.028900138797954635,0.007775458785825837,0.6858192769578315
ECCV,0,0.0021505376344086446,0.005610703495899871,0.004310344827586299,0.011728231559841706,0.00042335511937663384,0.002276414930391324,0.004100003188987067,0.0029288608755034394,0.0032033481783645566,0.0024185594387142297,0.8513000501396749,0.0021373390557938893,0.003523568365403737,56.57894736842116,0.03859110018311185,0.03083896025852226,0.007752139924589587,0.8272502677229923
ECCV,0,0.0,0.0016895450265899115,0.004306015922345141,0.009969657563935863,8.584427847901921e-05,0.0018458903034648255,0.0036026319371338378,0.0024858141232293137,0.0032034128325787036,0.0024060917455092784,1.9811439742700385,0.0025751072961374367,0.0037746252835813023,57.33333333333329,0.03964578724452039,0.032600783051069435,0.007045004193450957,0.8062261241779827
ECCV,0,-4.291845493553659e-06,-4.291845493553659e-06,0.0021462365591398136,0.00996532293021235,8.241057808433538e-05,0.001626683105451665,0.003101663928933629,0.002368600015809535,0.0031471047488159294,0.0024061387726538297,1.4870712971978794,0.0021459319567895445,0.0030879318466130396,53.615418055354354,0.04000778134481209,0.03408249044840454,0.005925290896407545,0.7936007481975506
ECCV,0,0.001291851037987124,-0.00042844901456728923,0.007775377969762465,0.009519688446559815,0.0014603377921855731,0.0021451834746131215,0.003922095129041292,0.0022982508217004615,0.0027229815706233495,0.002396206048749362,0.06287625418060201,0.0,0.0022318907155076274,59.69859743360187,0.04212290457256884,0.03569084050622789,0.006432064066340955,0.8877104948138645
ECCV,0,-0.002571795970852886,0.0008602150537633246,0.0008602150537633246,0.004749568221070755,-0.0012866963834302636,-0.0005179954007507037,0.0011032786239928427,0.0017858995438119459,0.0025962061702446693,0.0024539945922627438,0.5271867612293144,0.001736140954018125,0.0017189038525477994,54.79320734045472,0.03871145484654548,0.03629504368666966,0.002416411159875821,0.6143043635488711
ECCV,0,0.001718951439621863,0.000429184549356032,0.0060422960725075026,0.005764484561881833,0.00034417676094467,0.0005983844478421041,0.002536016138636521,0.0016733223482353937,0.002314130663750474,0.0024744714123734308,0.6821888892442511,0.004290004290004199,0.0021494368993898614,57.13543695623947,0.03866239695890883,0.03676856469450791,0.001893832264400916,0.7654984933398639
ECCV,0,0.00042900042900040347,0.0008583690987125081,0.002549364378544139,0.005172413793103514,0.000601562345801554,0.0007728953621557455,0.00270735285043866,0.0016787396096783677,0.00200166102830342,0.002468849584609725,2.8285660430705435,0.0015351629502573683,0.0019414480302138476,54.79320734045472,0.0389493587354508,0.03720476061014114,0.0017445981253096585,0.7801066599403317
ECCV,0,-0.0008576329331045907,4.291863913596927e-06,0.0,0.004743423889607579,-0.00025744443490949287,-8.540043146521015e-05,0.0016105295489077243,0.0017433704256313073,0.0019606809214236564,0.0024769715850401688,1.1098621835597693,0.008154506437768142,0.0031431629264095672,61.53491233466652,0.03718606628456911,0.037201021490555444,-1.495520598633615e-05,0.6713767947549745
ECCU,0,-0.002440016266775036,-0.014067524115755514,-0.011883182275931437,-0.001607717041800627,-0.000521537884837886,-0.007748701942757674,0.00010203061120361845,0.008148968895944237,0.005852211312856506,0.005060613126693726,1.4308862347437472,0.007337953526294322,0.007983525104478504,35.12410744644684,-0.054162853533053834,-0.030786954711351327,-0.023375898821702507,0.5034906199177229
ECCU,0,-0.0012637586628618802,-0.010541195476575282,-0.016890115931444294,-0.001607717041800627,0.00034298873853644274,-0.007312555739649285,0.00010203061120361845,0.008083554537045925,0.005584060408518158,0.005060613126693726,0.6692222819475486,0.00612269888566889,0.008495625463195478,34.22229584230577,-0.05855771492957729,-0.03654365255389142,-0.022014062375685865,0.5034906199177229
ECCU,0,0.0053471570268175395,0.010254306808859637,-0.010513544675534447,-0.001607717041800627,0.0036429427153370497,-0.0009451067402740376,0.00010203061120361845,0.0037186557280312793,0.006014983237071694,0.005060613126693726,1.333642200013237,0.00568412505075114,0.005786675247750971,37.38568274992115,-0.053211395125551064,-0.03997374972022423,-0.013237645405326834,0.5034906199177229
ECCU,0,0.002431993503857255,0.009646683569150216,-0.008835808912083465,-0.001607717041800627,0.004153282646908396,0.0023794937252576975,0.00010203061120361845,0.003688278062072832,0.006094038046337443,0.005060613126693726,0.8758404303003138,0.0020210693441448098,0.005453177494759377,39.29526866926558,-0.04476684726875746,-0.040954452697751643,-0.0038123945710058157,0.5034906199177229
ECCU,0,-0.00040097367749569734,0.0036600244001625537,-0.008835341365461824,-0.001607717041800627,0.003016364447703035,0.0028733051624001416,0.00010203061120361845,0.0031431663972510135,0.006094042079027507,0.005060613126693726,0.3146361631753032,0.0032414910858994447,0.004881467578551722,43.82032049096492,-0.038374314881497895,-0.04042895867577465,0.0020546437942767573,0.5034906199177229
ECCU,0,0.007293354943273878,0.013452914798206317,-0.000803858520900258,-0.001607717041800627,0.0076289590779423655,0.010269720883526734,0.00010203061120361845,0.00365731789596075,0.006619170361545521,0.005060613126693726,0.6772979019452705,0.006798069187449738,0.004773490710782804,47.619804498132446,-0.02144805221031376,-0.03657726867986544,0.015129216469551676,0.5034906199177229
ECCU,0,-0.004424778761061954,0.010245316135352622,-0.00040387722132473325,-0.001607717041800627,0.0011334043632427182,0.005840376586636831,0.00010203061120361845,0.004648654762981329,0.006588449815842541,0.005060613126693726,1.2236879732434818,0.00970909090909096,0.005490769115467219,44.713081113349766,-0.015313641720986482,-0.03227494082505282,0.016961299104066338,0.5034906199177229
ECCU,0,0.0036363636363636598,0.008526187576126665,0.018867924528301883,-0.001607717041800627,0.003069781190260912,0.007614302768627068,0.003819890303176754,0.0044016384673675685,0.003845657037925162,0.005060613126693726,0.48502994011976047,0.003623188405797096,0.0050785817864764105,47.52089531095056,-0.004436153345199756,-0.026655351768519565,0.02221919842331981,0.6316391670397928
ECCU,0,6.441223832531762e-05,0.006144212815766714,0.015850167661732195,-0.004344689378757538,0.0019068883518482682,0.006097351064454415,0.004104477536529316,0.004431421452789675,0.0038610100260733195,0.005015353375772957,0.809961857751851,0.005635707844905343,0.005801509486628517,47.91933874875308,0.00414549456265334,-0.020449390591257655,0.024594885153910995,0.6454100060102663
ECCU,0,-0.0010707844905319952,0.005470016207455464,0.009150061000406717,-0.006207448938726379,-0.0002546198187685089,0.004105035496721365,0.0033436026282225306,0.004502741198814772,0.0036659006964560753,0.005013036143558464,0.3464936956018136,0.003223856538383973,0.005797982577125422,47.695035460993,0.008944672847064794,-0.014535669455492449,0.023480342302557244,0.6237060877095034
ECCU,0,0.0014104372355430161,-0.0004022526146418848,0.013045250713412226,0.001007049345417954,0.0012361337860988808,0.00422096094045199,0.004707976673793857,0.002996344611814373,0.003471126735779759,0.004852912323256477,0.5328206011211235,0.0040241448692153485,0.005243197713478544,53.39622641509432,0.014972654183402767,-0.00860600266802167,0.023578656851424438,0.6733419159505708
ECCU,0,-0.004024144869215318,0.0,0.010245316135352622,-0.006817844373372184,-0.0027929854645493135,-0.0008336478857033924,0.0010086932043844588,0.0028529323050683368,0.0037927285040618244,0.004850025307540676,4.0549260898926995,0.013333333333333409,0.005968046198327034,67.70334928229661,0.012533617344264059,-0.004362045448501971,0.01689566279276603,0.5384357598086532
ECCU,0,-0.00121212121212122,-0.004830917874396157,0.0036540803897686658,-0.006897881623191715,-0.003037670011921678,-0.002407217212511137,0.00014261742420784707,0.0020082957842421714,0.003519808466736039,0.00485075820868499,0.3637366425370562,0.009304207119741118,0.007104249941115838,63.28671328671313,0.008381570994011156,-0.0018055957649267967,0.010187166758937953,0.505598521614684
ECCU,0,0.0012135922330096527,-0.0036873631328094847,0.0024341937391403334,-0.00642312324367722,-0.0010897203051217774,-0.001438735139592806,0.0016805974468274698,0.0022112648869144816,0.0034611135193781148,0.0048574872211299336,0.5846771303662295,0.004444444444444422,0.0068659972610236545,58.93854748603346,0.007175063564709205,-5.110592975185392e-06,0.007180174157684391,0.5687548361671274
ECCU,0,-0.002020202020202033,-0.004634293773927101,0.0008103727714747766,-0.008032128514056214,-0.0021814656217176154,-0.003536437081999688,6.17447028612439e-05,0.0022866152786097465,0.003532026167083111,0.00487253856396347,1.7611437361886042,0.004453441295546536,0.007111914212456166,59.6045197740111,0.0025754518799807613,0.0005120021431173059,0.0020634497368634554,0.502645676246012
ECCU,0,0.003315789473684161,-0.0027404426559356487,-0.003141592920353986,-0.003942926045016004,0.001678228062786502,8.272850723467506e-05,0.003577044550463926,0.0028602474484107645,0.0027725885881227305,0.004940806649061573,1.1099043305449001,0.004769610078323359,0.00726100725427777,65.11379420878295,0.0048606229452872185,0.0013830742223062025,0.0034775487229810158,0.6586560774795246
ECCU,0,0.002949733474834515,0.004242424242424159,0.004242424242424159,0.0038368336025846883,0.0037808878180456418,0.0026078695944187213,0.006343751315878832,0.0024037262311727265,0.002526706466020442,0.004861917558105432,0.6509683474106305,0.004224502112251073,0.005439241010061302,62.81321184510248,0.011897410357452287,0.003488547899502081,0.008408862457950205,0.7736556984960764
ECCU,0,0.0006035003017501595,0.0060679611650487075,0.0012077294685990392,0.020098441345365092,0.003171263560156845,0.003091554791910145,0.005953204367462828,0.002136764547836176,0.0022672872043484546,0.00320164345542285,0.7326222703058668,0.001206272617611483,0.0038196541096353746,60.809026527427584,0.01835256340309499,0.0064642980404177415,0.011888265362677248,0.7902167440159146
ECCU,0,-0.0008041817450743505,0.004040404040404066,0.0003381424706943026,0.016193669747280648,0.0015565438117508545,0.002250930560748321,0.0043398799318747905,0.0023192511070059744,0.0022863397775728504,0.0031882842099121697,1.79425344216341,0.0036217303822937566,0.0036551112972052413,60.080645161290384,0.021711750515077455,0.009516206506348856,0.012195544008728599,0.738121123978159
ECCU,0,-0.003621730382293742,0.0024291497975710286,-0.0022164013701390095,0.006913379422529564,-0.002553238116646428,-0.0011573826612054638,0.0003587716434652055,0.002856111030314591,0.0025506047002890123,0.003128433271383851,1.1539930862909162,0.003857027463650957,0.0035358285308261252,43.36165693043033,0.01742191106572477,0.011098350220938762,0.006323560844786009,0.5207708270532175
ECCU,0,0.004442649434571955,0.003555013941626717,0.0008048289738429304,0.013860578883000407,0.001167424821867158,0.0031991848552823665,0.004113352163991557,0.0031629485736649875,0.0029194049978278464,0.0031835357113433947,2.3486572932143717,0.0032167269802976213,0.0032252519112209777,57.966011683483835,0.02205771545165547,0.0132913352425937,0.008766380209061769,0.7642578298641457
ECCU,0,-0.001809408926417455,-0.001207000603500319,0.003030303030302939,0.013306665578186827,-0.00040265753976254093,0.0010811272919515336,0.0016373189285849854,0.0030354621078346167,0.0026441274484698993,0.003203466020300573,0.2086935277756897,0.0020140986908358796,0.0027831712269379394,48.94097712510587,0.022060914155773048,0.015045962786720607,0.0070149513690524416,0.6384611083460923
ECCU,0,-0.0012084592145014117,-0.00301568154402887,0.0030339805825243538,0.006699147381242554,-0.001007252215954768,-0.0004309495119869666,9.397938987620869e-05,0.003018018817019722,0.0026438941139725614,0.00302997036915234,0.3014615183343924,0.005259124823553058,0.0035937416681262545,46.8368178115668,0.019553398108641318,0.01594774249535151,0.003605655613289807,0.5091557461313277
ECCU,0,-0.00019358741681807512,-0.002406438631790908,0.001624242424242306,0.0040623898841225525,-0.0007191217040927178,-0.0007863856530367919,-0.00030184269217081727,0.0030200555635537894,0.0026276266058938374,0.0029911105537600924,1.2690213242404194,0.0020169260433557275,0.003272780800338649,48.26524902070493,0.017004103992796615,0.0161590696585088,0.0008450343342878142,0.4682136593670452
ECCU,0,-0.00029043735024314454,0.0009289176090467866,0.00336032388663976,0.004173419773095599,-0.0011945524539104246,-0.0014106691068300758,-0.0007997069689815728,0.0024706423106409287,0.0025225974601095495,0.0029900300256240023,1.4731550537723022,0.0046402776096517145,0.0034294308295388003,45.12372634643379,0.01426778547749663,0.01578073424511523,-0.0015129487676186007,0.4049225769431426
ECCU,0,-0.0009280555219303155,-0.00442299959790915,-0.0008837094815167257,-0.004022526146419847,-0.0012359503425485308,-0.002249371570232195,-0.0015257380331790138,0.0006694331019473384,0.0023144331836229366,0.002488373907724325,0.8659969100733245,0.00540387722132475,0.0038668608777442256,50.81967213114767,0.010211547705793578,0.014666711838529555,-0.004455164132735978,0.31515132669990426
ECCU,0,0.0040387722132471104,0.0014098690835850913,0.00020116676724990512,0.004444444444444473,0.0025147554364044478,0.0017601320421400946,0.0022845718126212056,0.0021420139386777426,0.0024919619950390976,0.00245121607760369,0.7782288259173137,0.004625905068382881,0.004389222153253626,60.294117647058876,0.014558563024930748,0.01464507920033896,-8.651617540821228e-05,0.7741819131774749
ECCU,0,-0.0004022526146418848,0.002218189151038441,-0.0008041817450743505,0.00040257648953301306,0.0016671611180620882,0.0014378794180134324,0.0018612041242815902,0.002028976287577322,0.002486215056265907,0.002318099179546503,0.5882582406865613,0.00482897384305839,0.004303191957154693,57.57575757575773,0.017027988237956038,0.01512171169212252,0.0019062765458335174,0.7215742310077503
ECCU,0,-0.0012072434607646176,0.001202087921840178,-0.0012072434607646176,-0.0008695092103567781,0.0002176138241196668,0.00034984031482387934,0.000695285664838563,0.0021554214560591074,0.002502515611010446,0.002334277719694026,0.4461867549897359,0.007655116841256959,0.005430830116734939,59.37500000000012,0.016459976362831696,0.015389387397595013,0.001070588965236683,0.5837401017409993
ECCU,0,0.0028203062046736616,0.004317475688980332,0.005250403877221199,0.003022365504735003,0.0021742631663714818,0.0026457925131484483,0.0033658510136755915,0.0023985005867074,0.0023230840312044375,0.0024050063901541485,0.5698023859393497,0.007774206508638016,0.0060576158965322,58.60531762458214,0.02122219379473833,0.01655602807447385,0.00466616572026448,0.8793038550483488
ECCC,0,-0.004931351636702441,0.0049848287819678205,0.01912087912087901,0.0347438752783964,0.0031159980236212803,0.008901483174386549,0.013288209391442152,0.006211185765291307,0.007017969638437796,0.0053259851442550256,0.416150687609985,0.0036661634677592108,0.003996217733433399,72.67398815399797,0.06722578580341221,0.04151381409802984,0.02571197170538237,0.7916403624999355
ECCC,0,0.001509596722018447,0.011324041811846541,0.018867924528301883,0.0347438752783964,0.0023751369524169785,0.008537386246364465,0.013288209391442152,0.0053219297758304585,0.007019038762243399,0.0053259851442550256,1.8347803035323744,0.005167958656330792,0.004158729325326754,73.25160043483507,0.0721136853554043,0.04785696824523688,0.02425671711016742,0.7916403624999355
ECCC,0,0.0,0.011324041811846541,0.013089005235601858,0.0347438752783964,0.00013007721073110545,0.00722495211126839,0.013288209391442152,0.0053219297758304585,0.00690577132950185,0.0053259851442550256,0.5874286561411312,0.009474590869939658,0.006053647499314686,69.27079719697488,0.07491620279938616,0.05342555699492983,0.021490645804456324,0.7916403624999355
ECCC,0,0.0,0.002590673575129543,0.022817372918685352,0.0347438752783964,-0.0003865860661983467,0.004966838691136566,0.013288209391442152,0.003927917662529622,0.005816969737209312,0.0053259851442550256,0.0,0.0,0.0036866354095046933,68.26909299326542,0.07612380903617222,0.05806978614656188,0.01805402288961034,0.7916403624999355
ECCC,0,0.0025839793281654533,-0.0008540809188022358,0.022959463912995748,0.0347438752783964,0.002368137782561952,0.005290297005418054,0.013288209391442152,0.002878093414469456,0.005817591055995697,0.0053259851442550256,0.4957599478147423,0.0006443298969072409,0.003790608578187381,68.71733295663228,0.07989711952313883,0.06251533674189567,0.017381782781243152,0.7916403624999355
ECCC,0,-0.0004295532646049205,0.003666163467759276,0.008669267446900664,0.0347438752783964,0.0012047156010670523,0.003991372663735504,0.013288209391442152,0.001270367549569771,0.00422904350459858,0.0053259851442550256,0.8227629151291512,0.0022174473571121844,0.003500865356057975,67.31851638043001,0.0811836507496615,0.06630359408540276,0.014880056664258734,0.7916403624999355
ECCC,0,0.0012892135797164528,0.003445305770887197,0.014808362369338024,0.0347438752783964,0.001805830251956131,0.003813197687869252,0.013288209391442152,0.0012401417289058848,0.0037366420220760668,0.0053259851442550256,1.1839146577419861,0.0038626609442060024,0.003239805813633017,64.77679265826713,0.08315110784139534,0.06971239766613332,0.01343871017526202,0.7916403624999355
ECCC,0,-0.0030042918454935563,0.00043066322136087187,0.011759581881533032,0.0347438752783964,-0.0012897678417885805,-0.00036534215433092765,0.008533460800153936,0.002092289477167304,0.003981377202820287,0.0053259851442550256,0.5551439719464611,0.004735256134309059,0.0022919388665068974,73.20267182281579,0.07904346758817127,0.07159598467428084,0.007447482913890427,0.7108271412264566
ECCC,0,0.004735256134309029,0.0051679586563306845,0.007772020725388629,0.0298043195305433,0.0024050850369352617,0.0035908256146994777,0.011825438869530025,0.0029417958719653503,0.0032826817851814246,0.005055124200394701,1.0648809523809524,0.008886032562125099,0.004069145378931917,74.4275769521092,0.08229984762824927,0.073752670799877,0.008547176828372263,0.802252663667084
ECCC,0,-0.0015424164524422412,0.0010309278350515427,0.00017596642045658584,0.02615587846763523,0.0006526742468482283,0.0020252054229068506,0.008965697590847421,0.002977176021780756,0.002767744539719344,0.005097829796846567,0.7362993859344225,0.003960693443185788,0.004732418088187626,62.77571522166391,0.08140387995575438,0.07529199922223734,0.006111880733517039,0.7408254509977762
ECCC,0,0.001544799176107059,0.003008165019338316,0.006685356911796392,0.025934065934065886,0.0015963746845872873,0.00290472834774258,0.00923532479302902,0.0030020314082759496,0.0021742240639837608,0.005097037545914096,1.8092846894855503,0.003427592116538059,0.004974447040072801,72.57068187217834,0.08222206249084252,0.07668458819143092,0.005537474299411593,0.760320667083419
ECCC,0,-0.001550985432733576,0.00016309012875526108,0.003608957795004253,0.022544975866608086,1.0298855625645587e-05,0.0009887984852741116,0.006551886631499082,0.0031069590366254495,0.002256550398603417,0.005134723518613592,2.3674583674583674,0.001879521794728645,0.00457781921017733,69.57858769931627,0.07937541963119443,0.07722479532422981,0.002150624306964624,0.6969485494253012
ECCC,0,0.0,0.003176926388291035,0.003608957795004253,0.016745200698080165,-0.0006226863684862805,0.0006286186363098079,0.005718280804270615,0.0026250098793532913,0.002256550398603417,0.005024382115709693,0.0,0.0,0.003630767983315518,60.604719764011534,0.07622923492500178,0.0770250796407684,-0.0007958447157666304,0.676900193002762
ECCC,0,-0.0001630635347024123,-0.001713796058269046,0.003445305770887197,0.02634129151616582,-0.00044272236502973517,0.00012190327061345485,0.004258400427564091,0.0012856553066582274,0.0022600482239914497,0.004407415878926422,1.7235579301474224,0.005579399141631011,0.0029694412992167006,50.00922679461153,0.07261780893320591,0.0761414891084389,-0.003523680175232996,0.6614603555262739
ECCC,0,-0.0007038626609442433,-0.0008753861997939927,0.00015463917525759818,0.023117653520817294,-0.0009714136643232951,-0.0005974884880450837,0.0024150247734313623,0.0011359475777969568,0.002133983316161967,0.0044209647141285995,0.5458300550747444,0.004939098764795755,0.003165122363538694,61.118628777627364,0.06778280313329788,0.07446651203656357,-0.006683708903265695,0.6245883236549322
ECCC,0,-0.0038052534831383156,-0.006212510711225305,-0.00322303394929091,0.005418292154312887,-0.003533064916630968,-0.004079859098446548,-0.0016680472011518788,0.0015541851115829875,0.0024553587682681166,0.003420700062826352,3.0751483190507582,0.0032420780340590137,0.003128019547042885,47.48490945674062,0.05683523564348292,0.07093479168540961,-0.014099556041926697,0.40917176513543807
ECCC,0,0.004901918516921899,0.00021026613685326545,0.00037339055793994547,0.015187282229965238,0.0013093784662230323,0.0007646766611324463,0.002473421790454733,0.0031233081657334725,0.0029369904829809283,0.0033529862940348443,0.6325515280739161,0.008151462758540857,0.004382407739805328,57.26215817913883,0.0558872684892755,0.06792155684212252,-0.01203428835284702,0.6670215053822495
ECCC,0,5.577316624250095e-05,0.00026605103030408195,0.0034438226431336982,0.015243902439024293,0.0013118861004506321,0.0004768467510682939,0.0017753470436023822,0.003123202635294539,0.0027370289736954627,0.0033523447108583515,1.692402517355479,0.009223509223509218,0.006227109584507171,57.35294117647051,0.05459444137875735,0.0652534914254441,-0.010659050046686741,0.6949274985909796
ECCC,0,0.012441012441012589,0.012875536480686733,0.011139674378749076,0.01899827288428324,0.011163068897052542,0.011794696566629126,0.013280413761893595,0.006335569970553821,0.004576377608840648,0.003880082897907019,0.9750108783489774,0.01059322033898305,0.007229873823977578,69.00237529691199,0.07429972949539732,0.06706417360965826,0.007235555885739056,1.3957151397269734
ECCC,0,0.0,0.013588963905925233,0.012701682114658608,0.012879883604650644,0.008428927552927457,0.01051232546717995,0.012628029329311952,0.006251685379857776,0.00450214680552139,0.00369346868914598,0.5889697597222645,0.00211864406779664,0.006665782884577755,69.83173076923077,0.08884334991598664,0.07142277146051483,0.017420578455471805,1.164851692079696
ECCC,0,0.017796610169491522,0.03556801034705748,0.029134532990574113,0.03601466465387104,0.01918979079029204,0.025510097346610028,0.028806364036835674,0.007870641813551044,0.006904097167599731,0.005111270281815506,0.74498657824096,0.011240632805994986,0.00826549383896495,79.45990180032726,0.1304632002642485,0.08323684766958059,0.047226352594667925,1.3800822671384356
ECCC,0,-0.0006244796003330721,0.029872965888273262,0.030089513298260373,0.03380706287683033,0.012570126966718664,0.021810688552698076,0.02643832315767569,0.008600033315094967,0.006843724001764706,0.005139474773935048,0.3872669715089694,0.0018746094563633288,0.007010123178529444,83.20479862896305,0.16038560884939912,0.09867286149664606,0.06171274735275306,1.148702035045968
ECCC,0,-0.018533638825244725,0.010729300729300784,0.010998206301118252,0.014646856158484045,-0.008288918391279765,0.001779895094190742,0.006682704016886198,0.014060874655950194,0.009669547788375994,0.006845375637805407,0.3852007169670939,0.008442239209511074,0.0068538691757298155,57.32738531193816,0.1484882413109716,0.10863917171208758,0.03984906959888403,0.6643558446305864
ECCC,0,0.005933760892356199,0.004233050847457509,0.017163090128755387,0.020667527993109447,-0.0032426294318037563,0.006013609681202681,0.011618940745130812,0.013149462877760257,0.009770187590736747,0.00693912597240049,1.0753387162994388,0.005350233545289193,0.005805271816991044,62.32795665441865,0.1480311958946139,0.11651962243056832,0.03151157346404557,0.7805643890825291
ECCC,0,-0.0021054941160090213,0.0021186440677964935,0.01573639815148864,0.01589347079037795,-0.005759448438222625,0.002336524846290766,0.008692455215014494,0.01321959455393251,0.009819172452070016,0.00696361647353588,0.3606444977716832,0.0016913319238901776,0.005719809388209752,59.57026426278088,0.142187622726901,0.12165428891834183,0.020533333808559165,0.7081398371104182
ECCC,0,0.0011881606765329344,-0.014233971690258085,0.02082776460444058,0.017537602062741797,-0.0017083624595358726,0.0014769586832228399,0.009012809695482238,0.009286315304735492,0.009638721831181626,0.006957831957338727,0.46847756263191703,0.004143068911779336,0.004300296609366622,61.61340366118526,0.138120271375076,0.12494803267674047,0.013172238698335517,0.7146446499877411
ECCC,0,-0.0005405839150945946,-0.014151218496146645,0.015299008524713775,0.015678111587982713,0.0006181640443319036,-0.0005718185519224539,0.007683033306769893,0.009291367324007257,0.009616899758157054,0.0069643701406518444,1.0902805477994946,0.004225596125973382,0.004770493943288633,61.12787046727816,0.13237344795695094,0.12643331316042258,0.005940134796528357,0.6827177377766823
ECCC,0,0.0,0.004465176293818818,0.015242385242385303,0.0187386999569521,-0.0002712096966338562,-0.0020692095130505628,0.006750010528944195,0.0030553209932744903,0.009617885903319254,0.006910159097815963,0.0,0.0,0.0030820461013864177,61.271212588707066,0.12635626485680618,0.12641790186088886,-6.163700408268191e-05,0.6636636585881276
ECCC,0,0.00568765238556046,0.004219427086190386,0.008470338983050718,0.019704370179948638,0.004566152225334408,0.002761397400224741,0.011486583402837924,0.0029541631728613894,0.008984885752893487,0.006940820857098147,0.4019184004323156,0.0,0.002011999392328579,64.84729970667736,0.130543085323243,0.1272430087456906,0.00330007657755238,0.7730123472932844
ECCC,0,-0.005878175958722531,0.00042283298097256505,0.0025423728813558366,0.015276347408170299,-0.001423161918010285,-0.0033849528819276387,0.004780777516013135,0.004140184763383469,0.009237599085220502,0.007090474191749649,0.32185291021206197,0.0,0.0016737330075505437,62.98882681564238,0.12154158752364808,0.12610264689227596,-0.004561059368627884,0.6157338731677201
BESF,0,0.017849191904200312,-0.005897386992180009,0.02398428290766219,0.061967233894223206,0.0023685690350561117,0.0024372005428308086,0.023815277965328452,0.015711669640601424,0.011644459345999237,0.013044112670022437,0.159079193772552,0.0061395834292643295,0.009474560412298782,62.97452229299366,0.05719699826137159,0.061848471956976,-0.004651473695604411,0.9196333534067873
BESF,0,-0.015855474206075137,-0.014592538517693154,0.0008585298846448541,0.061967233894223206,-0.010633857529609103,-0.013540395796184934,0.023815277965328452,0.016981603235592044,0.0128380828615836,0.013044112670022437,0.4814003242834424,0.008188028322779907,0.009498457236035636,55.651243949116314,0.033708370834485635,0.05601521214889974,-0.022306841314414107,0.9196333534067873
BESF,0,0.022076483982656825,0.0055700048334752505,0.012718183293283225,0.061967233894223206,0.010076333524712933,0.006962157577396599,0.023815277965328452,0.020432484119018716,0.014338749240403712,0.013044112670022437,0.236510037279882,0.004707516003265512,0.01011926318870078,64.32165886964219,0.04980151085008444,0.05473647874358877,-0.0049349678935043315,0.9196333534067873
BESF,0,-0.009285327351659878,-0.010104783286513097,-0.0005772561092938222,0.061967233894223206,0.0027460646946892986,-0.002330328927503289,0.023815277965328452,0.02065232969217466,0.014681264922285468,0.013044112670022437,0.6881934248201287,0.00860223334616858,0.011229839874591557,55.31937879810937,0.04639404096626265,0.05302955467513025,-0.006635513708867599,0.9196333534067873
BESF,0,0.005775895263765873,0.02017700774115938,-0.005592589913541279,0.061967233894223206,0.0045303858904246486,0.003998697722975564,0.023815277965328452,0.01652566246663124,0.014350187861557208,0.013044112670022437,0.22075949367088607,0.010719754977029004,0.007671423215701467,58.98990983254619,0.05267240595001965,0.052956814560699145,-0.00028440861067949297,0.9196333534067873
BESF,0,-0.009701378254211468,-0.007436570428696498,-0.013290101087163886,0.061967233894223206,-0.003729860141799546,-0.004408199335440788,0.023815277965328452,0.015351634726500802,0.014645306086047628,0.013044112670022437,0.012689747641622371,0.006827337183858605,0.007808973966620322,53.17247542448613,0.040601414698254956,0.05044960184500344,-0.009848187146748483,0.9196333534067873
BESF,0,0.02442145469447099,0.03318490907389493,0.018108118492334846,0.061967233894223206,0.013952886813404675,0.018058832976157513,0.023815277965328452,0.016400205959292983,0.01651233144174003,0.013044112670022437,0.31638055729920034,0.016604838800979734,0.009492336062260288,57.350441672850884,0.07198473932555416,0.05480686516696482,0.01717787415858934,0.9196333534067873
BESF,0,0.011763018759693988,0.022759352087100337,0.0284561266217076,0.061967233894223206,0.021217400843637657,0.027107044398914315,0.03273731049549622,0.014516483996947181,0.016800617347155062,0.013044112670022437,2.4453254306256094,0.00559492726594549,0.009669818314796283,59.40020965316074,0.11599143042439408,0.06715769451246795,0.048833735911926135,1.0441935874096728
BESF,0,-0.01938455800074601,0.012333461686561353,0.002104051442533006,0.04822831898631219,-0.001016071716272049,0.006984076886895618,0.010364282319998974,0.017355580172525534,0.018135543694801217,0.013835748340127185,0.13087309386031953,0.015956455422722424,0.01114066273010705,50.25291828793774,0.11382025605025348,0.0765595804938284,0.03726067555642508,0.7000249219187883
BESF,0,0.00957387325363368,0.01615620214395097,0.0366591937008367,0.0377657265963145,0.005323952026859313,0.012983067588434816,0.01814767092295,0.01761192127271771,0.01610597231253716,0.013344242476527723,0.10984727330881178,0.011302840780649562,0.011257279890831164,53.38803928882259,0.12788703766804588,0.08688602851872171,0.04100100914932417,0.8486680972976257
BESF,0,0.003307964735136615,0.02950523068358435,0.021849242528894308,0.04635756385068768,0.0028515391984960115,0.014130141712708433,0.01920935092372522,0.016100757209711172,0.015326478806090778,0.013247811678275538,0.17023531905872377,0.008261421415106341,0.011544096737080711,56.37802607076349,0.14333889540252898,0.09823017310364786,0.04510872229888112,0.8821635864336015
BESF,0,0.0040405861102974505,0.009023220357532447,0.04250756417854573,0.043402588077361415,0.0050936211323251435,0.014017865743722213,0.02115415389304176,0.012407219906943944,0.013940976503817024,0.01321182001563257,0.4926015637746458,0.005236111215002228,0.00927035121988521,56.982470784641066,0.16114820248641593,0.1108614987794058,0.05028670370701012,0.9160082568259361
BESF,0,0.01687149835062507,0.01411786646773594,0.03719853204849444,0.0503898130906113,0.019150898131765848,0.027326736264745355,0.03580269136881897,0.013581334660069265,0.013283484132514116,0.013507897813836975,3.472585325535222,0.008091656398845059,0.009769697046465124,59.39088294393445,0.20479798765106239,0.12970574980778588,0.07509223784327651,1.0972164001414817
BESF,0,0.0004340070250288264,0.03461352666192474,0.04737389295340777,0.04676928997498564,0.012684477803094563,0.023016873574561947,0.03385888513992463,0.006508717295825153,0.012560588447427372,0.013511903401702174,1.1232379649682738,0.012499862133873519,0.009078378388695341,67.91733052083563,0.23725063376263478,0.15126685815992846,0.08598377560270631,1.0044870149816374
BESF,0,0.00011396933122065356,0.024918996307738528,0.04147779479326186,0.03565323658292363,0.007836430808080053,0.01898140066959697,0.032139735771104405,0.0068816196595178755,0.0126346074054231,0.01337004428349655,1.1644810986956484,0.004595013858561797,0.00773681300427779,64.27893264041569,0.2600113473357588,0.17305790601170967,0.08695344132404914,0.9372924588327256
BESF,0,-0.0064808075461154635,0.014919376037371812,0.04486480635259382,0.03097844745374778,-0.0016342005973845053,0.007995834811177271,0.023873239756759368,0.008635687647115923,0.012278501024087604,0.013475213515054065,0.37180924129678167,0.009989973027072942,0.00808252332667111,68.3229318815562,0.2620373823226778,0.1908813817667488,0.07115600055592902,0.8117286142883153
BESF,0,0.013342163976157284,0.024321736593685195,0.03356441733998028,0.052280324278633605,0.00684891218834327,0.01806766499452639,0.034866675571524786,0.009835538388643816,0.010672641888424001,0.013551889702427196,0.9008498583569405,0.010606951295654676,0.0091566913428016,66.49344082698948,0.28676811822121806,0.2100824988893277,0.07668561933189036,0.9247194675059665
BESF,0,0.012509265108059386,0.019927542894973893,0.03432674375233136,0.0637596765407662,0.015398890360076356,0.02728860977828873,0.04453206750323746,0.008621878598238257,0.010740333804877895,0.013726213389147639,1.1477093127434892,0.008654792771805513,0.009269318617393689,74.05372905905824,0.32781785065152036,0.23365291224851814,0.09416493840300222,0.9900710917152906
BESF,0,-0.018618622950346775,0.000503670915394272,0.03513463140397799,0.03731260791839941,-0.0036064073226544924,0.004723833855434734,0.023197912697312972,0.013444441686515549,0.010560764388796618,0.014533994139580656,0.9221290496710005,0.01822591313294636,0.010414528817208257,63.58871168082671,0.31809458822263537,0.2505546383703811,0.06753994985225426,0.7504258594532256
BESF,0,0.014918791798339104,0.015314262187814842,0.04061487453846735,0.07876297679214472,0.008183000180319366,0.0156708226308524,0.034540815762776456,0.01497167871837158,0.01102677236902458,0.01343491578758066,0.8094888303158623,0.015206372194062335,0.012536800484308367,70.98372426998567,0.33688484759940707,0.2678316308111051,0.06905321678830195,0.8780854724045238
BESF,0,-0.004666908037653905,0.017167953646525014,0.0323434648401415,0.05489938757655288,9.021915250762014e-05,0.00773900860631116,0.02696103793253246,0.014699963238813885,0.011368982182097026,0.013143273175927133,0.49384773028316264,0.004365049052238632,0.011411815689341503,63.50674793208531,0.3380908286117261,0.2818905991150729,0.05620022949665321,0.7934136442220895
BESF,0,0.003557514977574616,0.007346363513548004,0.03184677642553124,0.07570806949686504,0.002180983883822263,0.008177194846141767,0.02689022425921106,0.013677380965674118,0.011366258655434227,0.01239165578227091,0.06460335252894316,0.005799433830272325,0.010450312196265034,61.25155288475428,0.3424571328142534,0.29400882158994707,0.04844831122430632,0.8109809549171405
BESF,0,-0.009347962405170218,-0.014399411474091517,0.0052411865310699746,0.04263468302471263,-0.004298881562169954,-0.001767023212358998,0.015179404015290832,0.012756945434568798,0.010875158739793956,0.01192625715684027,0.673376182015478,0.012312026636420215,0.011181758969187973,66.26347866854198,0.3225353390856469,0.2997159771669604,0.022819361918686498,0.6797851612534423
BESF,0,0.0014489041747465237,0.005754391122216651,0.006260960357054923,0.05393145937620325,-0.0039926754855837965,-0.0009420942378948194,0.01401266617430541,0.009212811617825155,0.01087842007601456,0.011621860479402096,0.14703669762416052,0.005502254243604478,0.008637027191319598,63.868246635870634,0.3062297812144372,0.3010190762803274,0.0052107049341098,0.6785052559660275
BESF,0,0.005396301140639936,-0.003682114409848003,0.011575758912488965,0.05353369065849911,0.0021238180071507795,0.0032959140145618626,0.016850760541979648,0.006132499656402373,0.010975822127137177,0.011616871299586244,0.19870806964619472,0.003270550869784829,0.0062498629264640965,64.57847930955273,0.3011521249019893,0.3010456915324314,0.00010643336955790117,0.7280245524632556
BESF,0,-0.013136712660302363,-0.012160299151361631,0.004798887043004907,0.049878994533491205,-0.008626983709778213,-0.010352077029627704,0.001106286442295712,0.008286105788405055,0.011673391019861914,0.01183288771563669,0.18338277902114888,0.015097507806516237,0.008396354677319617,56.352235550708826,0.26619991531990195,0.29407537814796425,-0.027875462828062303,0.5181528822642285
BESF,0,-0.006112649502150513,-0.02167900858678662,-0.0144919069509305,0.01858609797609656,-0.010365372981098964,-0.014976727279628066,-0.005915529632617766,0.007647067338191323,0.010898198268825317,0.010778958576004338,1.5071003206596427,0.0022229796819656597,0.007681063847658284,46.722588773581755,0.2231059310155601,0.2798796017791462,-0.05677367076358614,0.3964471457433584
BESF,0,-0.02090341894275083,-0.03309062968790011,-0.047013555569178855,-0.014300634091756748,-0.02458307834384421,-0.03095654291163341,-0.02600761566173382,0.010679783416118855,0.011273683530383407,0.011508712686609206,0.908822910086334,0.008703351925711231,0.006959328905516486,39.1593106347205,0.14357371843473743,0.2526155258964291,-0.10904180746169168,0.07399906734723675
LIAJ,0,0.011468448026707545,0.011468448026707545,0.009464520430923162,0.009464520430923162,0.009153762531397991,0.010898189853753681,0.0073186804187199694,0.005128845876828279,0.004149162206539235,0.0028969482627009763,3.3333333333333335,0.0,0.0,74.592455232349,0.11178724983787447,0.004986529690221129,0.10680072014765334,0.8231862697079637
LIAJ,0,0.0,0.011468448026707545,0.014424147321008274,0.009464520430923162,0.006849646888288596,0.009447209268562906,0.0073186804187199694,0.005128845876828279,0.003641663805261095,0.0028969482627009763,0.0,0.0,0.0,74.592455232349,0.2059472741209447,0.04664438402365577,0.15930289009728893,0.8231862697079637
LIAJ,0,0.0,0.011468448026707545,0.014424147321008274,0.009464520430923162,0.004556028862552131,0.00800038800847469,0.0073186804187199694,0.005128845876828279,0.003641663805261095,0.0028969482627009763,0.0,0.0,0.0,74.592455232349,0.2748067859997434,0.0935985054421472,0.1812082805575962,0.8231862697079637
LIAJ,0,0.0,0.011468448026707545,0.011468448026707545,0.009464520430923162,0.0022728368760722706,0.006849646888288818,0.0073186804187199694,0.005128845876828279,0.0036266416991659403,0.0028969482627009763,0.0,0.0,0.0,74.592455232349,0.32391143300287695,0.14072222273243745,0.1831892102704395,0.8231862697079637
LIAJ,0,0.0,0.011468448026707545,0.011468448026707545,0.009464520430923162,0.0,0.005701530162184998,0.0073186804187199694,0.005128845876828279,0.0036266416991659403,0.0028969482627009763,0.0,0.0,0.0,74.592455232349,0.3575412470756021,0.18488153097770366,0.17265971609789843,0.8231862697079637
LIAJ,0,0.0,0.0,0.011468448026707545,0.009464520430923162,0.0,0.004556028862552131,0.0073186804187199694,0.0,0.0036266416991659403,0.0028969482627009763,0.0,0.0,0.0,100.0,0.37903722840746923,0.22428046899996343,0.1547567594075058,0.8231862697079637
LIAJ,0,0.0,0.0,0.011468448026707545,0.009464520430923162,0.0,0.0034131340625889184,0.0073186804187199694,0.0,0.0036266416991659403,0.0028969482627009763,0.0,0.0,0.0,100.0,0.39103125743454825,0.25801961252808625,0.133011644906462,0.8231862697079637
LIAJ,0,0.0,0.0,0.011468448026707545,0.009464520430923162,0.0,0.0022728368760724926,0.006843228833671056,0.0,0.0036266416991659403,0.0028969482627009763,0.0,0.0,0.0,100.0,0.3956114940917246,0.2857941638609133,0.1098173302308113,0.7918388834654617
LIAJ,0,0.005429945420923454,0.005429945420923454,0.016960666494478804,0.014945857681221808,0.004339243965159056,0.006024351749629675,0.011556366670823603,0.0024283454150597103,0.0038362892560448447,0.0030975770599131914,9.998611689573789,0.0009482045246200053,0.00018964090492400106,100.0,0.4634786140125584,0.32159521905231614,0.14188339496024227,0.9493429653496116
LIAJ,0,0.0,0.005429945420923454,0.016960666494478804,0.014945857681221808,0.003250906354923755,0.004339243965159056,0.010803522995629367,0.0024283454150597103,0.0038362892560448447,0.0030975770599131914,0.0,0.0,0.00018964090492400106,100.0,0.510618163684569,0.3596242920031135,0.1509938716814555,0.8934309242908427
LIAJ,0,0.0,0.005429945420923454,0.005429945420923454,0.014945857681221808,0.0021649249138957494,0.003794780159900757,0.010051799084225488,0.0024283454150597103,0.0017170995100519832,0.0030975770599131914,0.0,0.0,0.00018964090492400106,100.0,0.5412034717890037,0.39611243835966786,0.14509103342933588,0.8493795046366537
LIAJ,0,0.0,0.005429945420923454,0.005429945420923454,0.019932415074628063,0.0010812919989540148,0.003250906354923755,0.009055895253848867,0.0024283454150597103,0.0017170995100519832,0.0028088770120874356,0.0,0.0,0.00018964090492400106,100.0,0.5586240970898757,0.42873802609129963,0.12988607099857608,0.8170632707980925
LIAJ,0,0.0,0.005429945420923454,0.005429945420923454,0.019932415074628063,0.0,0.0027076215917301028,0.008061953397049404,0.0024283454150597103,0.0017170995100519832,0.0028088770120874356,0.0,0.0,0.00018964090492400106,100.0,0.5656385380874838,0.45620113063094836,0.10943740745653541,0.7903108329359471
LIAJ,0,0.0,0.0,0.005429945420923454,0.016960666494478804,0.0,0.0021649249138957494,0.007215275367479901,0.0,0.0017170995100519832,0.0027789795775840275,0.0,0.0,0.0,100.0,0.5644941880191823,0.4779122363411259,0.08658195167805638,0.7637686556461951
LIAJ,0,-0.0023214481554614252,-0.0023214481554614252,0.0030958919286805386,0.014599845031068481,-0.001858021184339309,-0.000469987808705552,0.0041510792687264875,0.0010381831763706492,0.0019409949707349227,0.002863328595326276,0.04973749654600719,0.0,0.0,69.93748301168782,0.5253888207351167,0.4874259554289573,0.03796286530615944,0.6590485114063942
LIAJ,0,0.0,-0.0023214481554614252,0.0030958919286805386,0.014599845031068481,-0.0013941634845766604,-0.0007782363738473297,0.0034261294859294633,0.0010381831763706492,0.0019409949707349227,0.002863328595326276,0.0,0.0,0.0,69.93748301168782,0.4887676145294506,0.4876947031159587,0.001072911413491917,0.6402541939433413
LIAJ,0,0.0,-0.0023214481554614252,0.0030958919286805386,0.014599845031068481,-0.0009298744553881688,-0.001086294873892446,0.0027022257071618316,0.0010381831763706492,0.0019409949707349227,0.002863328595326276,0.0,0.0,0.0,69.93748301168782,0.45450601177844874,0.4810487375415725,-0.026542725763123776,0.6214579277601245
LIAJ,0,0.0,-0.0023214481554614252,0.0030958919286805386,0.014599845031068481,-0.00046515349487041835,-0.0013941634845766604,0.0019793656701925233,0.0010381831763706492,0.0019409949707349227,0.002863328595326276,0.0,0.0,0.0,69.93748301168782,0.4224807379864899,0.4693235255430343,-0.04684278755654442,0.6020741760237057
LIAJ,0,0.0,-0.0023214481554614252,-0.0023214481554614252,0.014599845031068481,0.0,-0.0011620729237533656,0.0012575471193101428,0.0010381831763706492,0.000734106364125477,0.002863328595326276,0.0,0.0,0.0,69.93748301168782,0.3925706464815164,0.4539607781082263,-0.06139013162670992,0.5811856494895803
LIAJ,0,0.0,0.0,-0.0023214481554614252,0.014599845031068481,0.0,-0.0009298744553881688,0.0005367678052983216,0.0,0.000734106364125477,0.002863328595326276,0.0,0.0,0.0,69.93748301168782,0.36465741391637607,0.4360887775437349,-0.0714313636273588,0.5576226137218814
LIAJ,0,0.0,0.0,-0.0023214481554614252,0.0030958919286805386,0.0,-0.0006975680042079491,0.0003823090964309994,0.0,0.000734106364125477,0.001345368097746244,0.0,0.0,0.0,69.93748301168782,0.33862610034185536,0.4165863531993886,-0.07796025285753322,0.5424503668359408
LIAJ,0,0.0,0.0,-0.0023214481554614252,0.0030958919286805386,0.0,-0.00046515349487041835,0.00022789806958978254,0.0,0.000734106364125477,0.001345368097746244,0.0,0.0,0.0,69.93748301168782,0.3143655878645575,0.39613390363323236,-0.08176831576867488,0.5263779920813515
LIAJ,0,0.0,0.0,-0.0023214481554614252,0.0030958919286805386,0.0,-0.0002326308519621234,7.353470269899631e-05,0.0,0.000734106364125477,0.001345368097746244,0.0,0.0,0.0,0.0,0.29176891173156605,0.3752541293787573,-0.08348521764719125,0.5089581774088195
LIAJ,0,0.0,0.0,-0.0023214481554614252,0.0030958919286805386,0.0,0.0,-8.078102630404427e-05,0.0,0.000734106364125477,0.001345368097746244,0.0,0.0,0.0,0.0,0.27073349719418616,0.35434457451104046,-0.0836110773168543,0.489511824332092
LIAJ,0,0.0,0.0,0.0,0.0030958919286805386,0.0,0.0,-0.00023504913946759132,0.0,0.0,0.001345368097746244,0.36984664227783204,0.0,0.0,0.0,0.2511613147846674,0.33370363561047744,-0.08254232082581003,0.4669127967167292
LIAJ,0,0.0,0.0,0.0,0.0030958919286805386,0.0,0.0,-0.00038926965882757347,0.0,0.0,0.001345368097746244,0.36984664227783204,0.0,0.0,0.0,0.2329589657639417,0.31355135326893685,-0.08059238750499514,0.4390672794740065
LIAJ,0,0.0,0.0,0.0,0.0030958919286805386,0.0,0.0,-0.0005434426064049314,0.0,0.0,0.001345368097746244,0.36984664227783204,0.0,0.0,0.0,0.2160377085317009,0.2940460316195293,-0.0780083230878284,0.40137977233349303
LIAJ,0,0.0,0.0,0.0,0.0030958919286805386,0.0,0.0,-0.0006975680042079491,0.0,0.0,0.001345368097746244,0.36984664227783204,0.0,0.0,0.0,0.20031343577662142,0.2752975187670947,-0.07498408299047327,0.34048063261349154
LIAJ,0,0.0,0.0,0.0,-0.0023214481554614252,0.0,0.0,-0.0005813742615207174,0.0,0.0,0.0005190915881853248,0.36984664227783204,0.0,0.0,45.70605644223656,0.1857066111274719,0.2573778127991798,-0.07167120167170793,0.3593171415323028
LIAJ,0,0.0,0.0,0.0,-0.0023214481554614252,0.0,0.0,-0.00046515349487041835,0.0,0.0,0.0005190915881853248,0.36984664227783204,0.0,0.0,45.70605644223656,0.17214217307306967,0.24032952460758625,-0.06818735153451658,0.3781650706899817
AKO.B,0,0.01877746703955241,-0.017719568567026278,0.02368526696105988,-0.0569789674952198,0.001182573298343037,0.015470594958248096,-0.028954045070655132,0.03409371437194643,0.030477894784567007,0.025717798433067755,0.36984664227783204,0.027058823529411677,0.035309778060161126,45.70605644223656,0.056982998017783615,0.016380371015594804,0.04060262700218881,0.19999552024483508
AKO.B,0,-0.03333333333333344,-0.014788169464428513,-0.004844570044408636,-0.0569789674952198,-0.02937011830265379,-0.017909114560403894,-0.028954045070655132,0.03341304882880826,0.032516107502888296,0.025717798433067755,1.7984630837172966,0.05273833671399598,0.041860642845006686,41.09136694065663,0.013359291117556182,0.015754120815941783,-0.0023948296983856004,0.19999552024483508
AKO.B,0,-0.0016227180527382812,-0.059229187213774126,0.01586331870699298,-0.0569789674952198,-0.018974726939328668,-0.021001720904736065,-0.028954045070655132,0.02068076438056234,0.03161327305227443,0.025717798433067755,0.6691499164441113,0.020316944331572533,0.03759050724210554,44.75985922782319,-0.02233600685641335,0.007915456495774586,-0.030251463352187934,0.19999552024483508
AKO.B,0,0.009345794392523477,-0.03120124804992197,0.030277892990460353,-0.0569789674952198,-0.0034502126293829427,-0.014713453762533302,-0.028954045070655132,0.021977989763988338,0.03159130670109575,0.025717798433067755,1.2691364910684144,0.011433172302737478,0.029580729846178776,48.55240301100175,-0.03504801263558477,-0.0008751849788444943,-0.034172827656740276,0.19999552024483508
AKO.B,0,0.02657004830917864,0.01877746703955241,0.03238866396761142,-0.0569789674952198,0.01918465227817756,0.008266201256260208,-0.028954045070655132,0.023354534141761644,0.03175316573274742,0.025717798433067755,1.0968800832368588,0.04176470588235299,0.03066239655201413,53.63802288871349,-0.002740187724338483,-0.0012550281746435312,-0.0014851595496949519,0.19999552024483508
AKO.B,0,-0.030588235294117694,-0.030588235294117694,-0.04776579352850552,-0.0569789674952198,-0.00579150579150578,-0.01775901241867317,-0.028954045070655132,0.025822116803528354,0.028551132476281337,0.025717798433067755,1.5351078019549682,0.03155339805825233,0.031561311457782265,49.71424652523775,-0.027914060788194917,-0.006664797692505174,-0.02124926309568974,0.19999552024483508
AKO.B,0,-0.0153721682847896,-0.012576064908722095,-0.02717825739408475,-0.0569789674952198,-0.018627530037900186,-0.030237930366780574,-0.028954045070655132,0.0220264793516603,0.026680183104112742,0.025717798433067755,1.7178105401875539,0.03327855382087109,0.027669354879157282,50.66573475449938,-0.07174996158888547,-0.019833657083612746,-0.05191630450527272,0.19999552024483508
AKO.B,0,0.013147082990961456,0.002031694433157316,-0.05731782839055943,-0.0569789674952198,-0.0061260680315976535,-0.01158363060643719,-0.013254836541822468,0.023109390400016864,0.02171260689625711,0.025717798433067755,2.074311792777211,0.029805352798053505,0.029567036572453475,53.12898234116149,-0.08358784893503568,-0.03270319599925912,-0.05088465293577656,0.35046816490613536
AKO.B,0,0.019870235198702346,0.012479871175523405,-0.019110764430577354,-0.01062155782848162,0.011095923454208956,0.010040160642570184,0.006895936003856296,0.024537952123572807,0.022450897034589645,0.025462230586884772,1.0157408060986801,0.029423459244532744,0.03316509396081253,52.58954055795967,-0.058889509896332015,-0.03797939022046642,-0.020910119675865597,0.5788587668999111
AKO.B,0,-0.006361829025844923,-0.020000000000000018,-0.0015980823012385903,-0.0027932960893854997,0.008800258356208568,0.003775706940874146,0.000630449236623809,0.020649168619138646,0.02118626086254878,0.025296763993499914,0.04927867846080866,0.004601840736294598,0.02573252093160085,43.60900274088128,-0.049906710852802405,-0.04037901925659805,-0.009527691596204355,0.5072128863994375
AKO.B,0,-0.0056022408963584125,0.005258899676375606,-0.025490196078431282,-0.002408671216378888,0.0020969433018793726,0.0007651725665498432,-0.004855783179499751,0.01474261368838546,0.02016923329825926,0.025292004851636695,0.5987599645704162,0.09859154929577461,0.03914015117910531,48.74793777987274,-0.05196547629386217,-0.04270730568584689,-0.00925817060801528,0.44450685214227803
AKO.B,0,-0.012072434607645954,0.00862777321281838,-0.0040567951318457585,-0.008881711748082277,-0.011674718196457157,-0.010918174126747449,-0.01643633047819426,0.013866710895119616,0.0174879013017931,0.025410772675800504,0.39629282027217266,0.03258655804480654,0.0390017520238924,36.47426631256932,-0.07380710210501817,-0.04895085242235532,-0.024856249682662854,0.3144328189420448
AKO.B,0,0.0020366598778003286,-0.0024330900243308973,-0.00040633888663133,0.01545053393709983,-0.009183180280328607,-0.008863819500402825,-0.01517156231822192,0.012406337412746313,0.01749470412156761,0.02488677707189453,0.3762459804684946,0.01626016260162596,0.036292713984606886,40.510948905109494,-0.08643391527670019,-0.05647019079899915,-0.029963724477701043,0.3220764170887796
AKO.B,0,-0.014430894308943065,-0.0359840954274353,-0.023953301127214166,0.005599336374948249,-0.016310301456566756,-0.020819450334201628,-0.029645733643056893,0.006414058674812294,0.01771246367257539,0.025098665094188177,0.889238959204737,0.030521757063311956,0.03651237354836273,42.488038277511954,-0.12042512699642671,-0.06929217970538012,-0.05113294729104659,0.1450041312811557
AKO.B,0,-0.012579913384202945,-0.042016806722688926,-0.06117647058823528,-0.03076923076923066,-0.02033801203093666,-0.027007254770468836,-0.04039327040707508,0.006782279651405307,0.014697103781278345,0.024604680479689906,0.5446321019875526,0.03091060985797836,0.04177412737269949,34.584980237154156,-0.16733441483314593,-0.08893862848965174,-0.07839578634349419,0.05729871693460967
AKO.B,0,-0.03508771929824561,-0.07042253521126762,-0.06553398058252413,-0.11016949152542366,-0.04097646033129898,-0.05492482356551098,-0.06872562963823003,0.013293542988177021,0.015569825293911788,0.022408802967576698,1.5263923782990474,0.044588744588744636,0.03097356643129349,34.653465346534674,-0.2625412996099321,-0.12371297340609777,-0.13882832620383434,-0.1513771563363194
AKO.B,0,-0.0155844155844157,-0.0737270875763748,-0.06573541495480695,-0.09112709832134303,-0.04151738672286631,-0.0635231133532379,-0.0790062015202474,0.013230674134588465,0.01558318245992416,0.021375866224306914,1.2539126620722656,0.029683377308707157,0.030392930284073617,32.58845437616387,-0.35996536662635137,-0.17102201781043694,-0.18894334881591443,-0.11135587124821116
AKO.B,0,0.010114335971855848,-0.06626016260162615,-0.0685320356853204,-0.12192175661521298,-0.018334116842600223,-0.047421568830738,-0.06364331210191088,0.0160446522122003,0.015179000571861629,0.018245364294962194,1.169903764822292,0.04483674357858067,0.036108246479464555,32.58845437616387,-0.4150642836585803,-0.2198788564494609,-0.19518542720911938,0.016571112519344428
AKO.B,0,-0.0074009577710055785,-0.0595999175087647,-0.09343936381709739,-0.11076443057722307,-0.013414106447425356,-0.04516615365286758,-0.06516190534764288,0.01625087789029988,0.011921241349298131,0.017969579611677014,2.11637864099208,0.012719298245614153,0.032547754715925,22.336065573770483,-0.46582774615859535,-0.26910763744990257,-0.19672010870869278,0.03295805768344456
AKO.B,0,-0.01754385964912286,-0.06432748538011712,-0.10364145658263302,-0.1050739113064324,-0.017630032453293643,-0.05163106755011759,-0.07658377219651447,0.016437491329949473,0.012096791766918828,0.01769066373815587,0.7939205394219305,0.03147321428571437,0.0326602756014722,24.222222222222214,-0.5297443783813414,-0.321268046222935,-0.20847633215840639,0.008290414042864753
AKO.B,0,0.019642857142857295,-0.011255411255411296,-0.08088531187122738,-0.10431372549019613,0.003956043956043986,-0.024702692315904162,-0.053254437869822424,0.016358250644802782,0.015469594963646204,0.017753821106398015,0.467501237711295,0.021453590192644416,0.02803324472225215,33.552631578947384,-0.540841955575015,-0.36520510682985124,-0.17563684874516378,0.1610804501725434
AKO.B,0,0.0039404553415061105,0.008355321020228734,-0.06598778004073325,-0.06977687626774842,0.006231349833245581,-0.014039085846967447,-0.04612344651864175,0.014585160217424238,0.01585851186238458,0.016578360449935298,1.42993545430241,0.022778020061055445,0.026652173272721808,30.02309468822172,-0.5365514016924529,-0.399488272706628,-0.13706312898582484,0.21574933760249543
AKO.B,0,-0.013083296990841764,-0.014801915542011268,-0.08008130081300824,-0.08045509955302721,-0.003961267605633756,-0.018625729092131116,-0.05471026222078346,0.01494466804549553,0.01565357514272963,0.016708378387870686,0.9386607046265912,0.01988510826336718,0.021661846209679113,19.565217391304387,-0.5495774785157828,-0.4295158583771306,-0.12006162013865218,0.1770337311998646
AKO.B,0,-0.021210782147591756,-0.028508771929824706,-0.08640956898329566,-0.10829307568438007,-0.019477644975652852,-0.030634573304157642,-0.06953298117012008,0.017106732551672266,0.016093999127927226,0.01681550730911514,0.7845579835200894,0.023950338600451468,0.023908054280646573,18.16143497757851,-0.5897014871626638,-0.4615613036074673,-0.12814018355519652,0.11153737396732141
AKO.B,0,0.005417607223476395,-0.0058035714285713524,-0.06975772765246457,-0.1266666666666667,-0.013029604680021345,-0.018207468147952266,-0.058102035421623066,0.016172398748891554,0.016631523883158514,0.015282292983655205,0.6314682372738746,0.02222721149528518,0.022058853722560737,20.94594594594598,-0.6052194037615521,-0.49029889220192346,-0.11492051155962868,0.16955805883089725
AKO.B,0,0.0033812303547373634,-0.02165936952714531,-0.03267099567099563,-0.0960639158576051,-0.005330945031974066,-0.011599232645052249,-0.050147258142024476,0.012087788804350665,0.013607411261622635,0.014338869610199334,0.5634833516282474,0.14165394960013972,0.0460989256040598,23.848836381752264,-0.6046799145292283,-0.513178898260459,-0.09150101626876928,0.2179147032453617
AKO.B,0,-0.0038173575651255787,-0.02921936327954633,-0.02110817941952492,-0.08545603944124891,-0.0031821149555819606,-0.013277315617834295,-0.049571506614892624,0.01123142523776712,0.012911600912424406,0.014127598794574326,0.8489219651770734,0.021347708894878747,0.04581286337082446,22.474474191878855,-0.60383274393973,-0.5313120777092908,-0.07252066623043918,0.22707478428731187
AKO.B,0,-0.008086253369272378,-0.024304021210782234,-0.03874619068350027,-0.1046228710462288,-0.0063480320020739,-0.01737965237135064,-0.05203564397498461,0.010634741775107965,0.012272401377215148,0.013527715410140646,0.3324213918974628,0.03894927536231898,0.04962569679061482,23.439493571498716,-0.6100371379325402,-0.5470587642288658,-0.06297837370367443,0.2146235751958843
AKO.B,0,0.03804347826086962,0.034762979683973017,0.0052631578947368585,-0.08866799204771358,0.024354795026248155,0.01945821933741443,-0.011238533742671475,0.018192763102217815,0.017931373568464085,0.015744762964099344,1.9119065811510645,0.04363001745200698,0.05356163256092592,38.93853294582054,-0.5433315511931589,-0.5463132582010854,0.0029817070079265484,0.4328198276627282
AKO.B,0,0.012216404886561838,0.04176021553659637,0.03571428571428581,-0.07162865146058417,0.028320477849888226,0.028253480438585665,0.004719801186738426,0.01829983192178703,0.017019301576725127,0.016172260192429812,4.15243778530043,0.029525862068965618,0.05502136267566201,51.23438502937833,-0.4632964473005998,-0.5297087659778053,0.06641231867720543,0.5312716994139007
GSAT,0,-0.015100671140939603,0.05813429472735465,0.1900658895083629,0.24609585352719443,0.012243490256940825,0.052962016233911946,0.06768826222967772,0.0330780276293669,0.028183621358012098,0.023672331881661495,1.0356941197937675,0.047274275979557044,0.044972815994217166,89.53301127214168,0.503335973764834,0.3545608207910027,0.14877515297383126,0.7086232086437128
GSAT,0,0.01320272572402037,0.08382687927107058,0.19547738693467331,0.24609585352719443,0.009590901374978644,0.0485719322990128,0.06768826222967772,0.030627573919450406,0.0280527728684699,0.023672331881661495,0.8043758423533804,0.043291298865069265,0.046068433398210505,90.03067484662574,0.5297823103401029,0.3908830951157783,0.13889921522432463,0.7086232086437128
GSAT,0,-0.00042034468263962843,0.017108639863131048,0.12222746578574806,0.24609585352719443,0.005751987819319959,0.03630104153048341,0.06768826222967772,0.01435607913078158,0.023215298431793433,0.023672331881661495,0.8408204854020768,0.026492851135407863,0.03746623373649824,89.26829268292683,0.542584343377083,0.4221020811034194,0.12048226227366354,0.7086232086437128
GSAT,1,-0.023969722455845277,-0.005143591941705883,0.06467889908256885,0.24609585352719443,-0.017358171041490067,0.005284130284130217,0.06768826222967772,0.019046106886457373,0.024870199203608532,0.023672331881661495,0.8767136626403864,0.04003446790176655,0.03947227005152794,79.6694214876033,0.5103400562130354,0.4401562191727503,0.07018383704028508,0.7086232086437128
GSAT,0,0.008616975441619878,-0.018036912751677847,0.06748746010031925,0.24609585352719443,-0.005268972550352635,0.007488380099845093,0.06768826222967772,0.015723117335146385,0.024877298889221265,0.023672331881661495,0.8291766749108027,0.029047415634344285,0.037228061903229,79.96742671009771,0.4919910720789993,0.45071337048486143,0.04127770159413785,0.7086232086437128
GSAT,0,0.005553182400683365,0.0025553662691650825,0.06083821541234791,0.24609585352719443,-0.0002548203516521408,0.00723118394591582,0.06768826222967772,0.014597490474174728,0.024815409939164,0.023672331881661495,1.6848559383290393,0.0341928632115548,0.03461177934962855,79.8360655737705,0.48024485756647195,0.4567060312444275,0.02353882632204446,0.7086232086437128
GSAT,0,0.0004248088360239155,-0.010088272383354302,0.07289293849658329,0.24609585352719443,0.0022129542939826052,0.0008074454974289491,0.06768826222967772,0.012853074036407232,0.02420644781940176,0.023672331881661495,0.8598507257447917,0.026556263269639026,0.031264772230542505,74.48132780082986,0.46604810131992735,0.45859623785805753,0.007451863461869823,0.7086232086437128
GSAT,0,-0.017409766454352438,-0.02691337258200166,-0.010265183917878451,0.24609585352719443,-0.009841677364142098,-0.015612370783170904,0.0383433174036929,0.014486510962368904,0.01437235479174002,0.023672331881661495,0.8421824695551,0.030004321521175537,0.03196706630769604,64.5021645021645,0.4223682101440147,0.45128318127364436,-0.028914971129629652,0.6333144688976771
GSAT,0,0.028089887640449396,0.02498922878069787,0.019717102443206125,0.25540897097625326,0.012943881461296103,0.010062412431537382,0.0560426145821773,0.016352723820675853,0.017025761181455407,0.023887799843594192,0.7886741174088675,0.03951240016813778,0.03186265276097029,68.09338521400778,0.4271176827795351,0.44641415449849886,-0.01929647171896376,0.7210000184072919
GSAT,0,0.047498949138293556,0.06450234942332345,0.04530201342281881,0.27013251783894,0.047587018664873026,0.05320992350281051,0.09334210814961064,0.0252788672243333,0.02163981402876456,0.024662381033217672,0.9327717426598938,0.044943820224718996,0.03504193367904523,72.71214642262895,0.5025074820308184,0.4576994365521124,0.04480804547870598,0.894026573377819
GSAT,0,0.0642054574638844,0.1265930331350893,0.12947189097103906,0.34414597060314245,0.08759842519685046,0.10661381180888818,0.1464637731281342,0.03337059530171783,0.027371057158932368,0.02717678614919967,2.873567086133114,0.06994720965309202,0.04219280296735267,81.00407055630937,0.6651249125694818,0.4993813691168714,0.1657435434526104,1.108360491716933
GSAT,0,0.016214177978883804,0.1443736730360934,0.13282891971416566,0.35427135678391974,0.07524736674114263,0.10992133767143031,0.14756541548681046,0.0311913930936952,0.027395235258680716,0.02713239637174581,1.4864717607973421,0.04378478664192949,0.045638507641810766,78.02197802197803,0.8136487757629496,0.5624732046617028,0.2511755711012468,1.1088192095366007
GSAT,0,0.0029684601113173503,0.16810717372515138,0.13666947014297737,0.2756016989145824,0.04597167401903879,0.09851255791270419,0.1368367926313796,0.024415727744703786,0.02723290257689647,0.02463931503646449,1.034185795660095,0.03699593044765076,0.04703682942710581,78.90625000000003,0.9253490843131047,0.6352683905413671,0.2900806937717376,1.0340283233703913
GSAT,0,0.010358860525342184,0.14796132828919717,0.17664799655320973,0.25275229357798157,0.028780230543207885,0.09170131116085689,0.13545651089306499,0.0263031704532983,0.023995361720228446,0.024342013519451217,0.7092633124489254,0.034419626510435654,0.04601827469556538,78.1199351701783,1.0214134904941083,0.7126845914201129,0.3087288990739955,0.9964757698824723
GSAT,0,-0.0058586598315635285,0.08948635634028879,0.15976078598889365,0.23803009575923384,0.005853586247777098,0.06931862938164635,0.11668654629210717,0.027344155929764358,0.024951537731732868,0.024628085105463524,0.604679378904072,0.018600368324125195,0.04074958431544662,80.73701842546065,1.0729720478880296,0.7848817322940238,0.2880903155940058,0.9173586098871137
GSAT,0,0.017679558011049812,0.041855203619909576,0.17374681393372993,0.24515547543938698,0.01528624972440662,0.07097174309081744,0.12385600976205002,0.009794621063484901,0.024723999431565457,0.02467294656956064,0.6070114301474467,0.023525153818313504,0.03146517314849092,81.27035830618894,1.1353233247897734,0.8550786753011538,0.2802446494886196,0.9287886352355393
GSAT,0,0.0,0.0252319109461967,0.17324840764331206,0.2587699316628702,0.01023765996343684,0.05429846987446085,0.11102175399091241,0.009172265687646005,0.02475487638341392,0.024277943675284366,0.8732333158740815,0.025334781035106873,0.0277751720271264,81.40293637846655,1.170821627258519,0.91830553675598,0.252516090502539,0.8864939281131996
GSAT,0,-0.00615273253709725,0.015908250092489862,0.1866897147796025,0.174508126603935,0.0008747630849978982,0.030819475205525748,0.09520201013041918,0.01049618575946005,0.023258590466662656,0.02106085480156306,0.6529075250609041,0.04442825928623448,0.029261637794843143,87.08551483420595,1.1725482695432135,0.9692044911963543,0.20334377834685913,0.8244754957467866
GSAT,0,0.029861616897305154,0.03551812522885389,0.18873476250525445,0.21217316759537086,0.023525153818313438,0.04400472533963384,0.1168815781678878,0.01599992076870174,0.02335476830068366,0.02143972969788468,0.8152058519767978,0.03405233380480896,0.029188179253717805,88.3464566929134,1.2206936088008327,1.0195421963560998,0.2011514124447329,0.8846791007938495
GSAT,1,-0.010961810466761035,0.030202578268876623,0.12239165329052959,0.17323825503355694,0.006332301935669582,0.02106377541707727,0.09570258941512888,0.017154768693860265,0.02235605833056209,0.02172876292635438,0.5628759123607838,0.032892384697890534,0.03204658252847087,83.92036753445635,1.2212671274003455,1.0599127704561937,0.1613543569441518,0.8089281486614044
GSAT,0,-0.07114765820521984,-0.059717698154180154,-0.020361990950226172,0.10647359454855199,-0.05403437226915231,-0.04970920662789413,0.01278652736628727,0.03684290022717793,0.02750474875289686,0.027693053541854935,1.4159976418910898,0.0923749037721325,0.04581653251923467,64.27732079905994,1.0594451702841,1.0598192029774267,-0.000374032693326809,0.5427319138462324
GSAT,0,-0.0038491147036182616,-0.06333695258776695,-0.039703153988868256,0.08785203867171076,-0.045511543851884606,-0.04964747356051702,0.004794906140197508,0.036577088172415735,0.02677456287058585,0.027703894896173663,0.9033253750561662,0.02689721792890254,0.0461290198979938,66.70731707317071,0.913197764948805,1.0304830152001683,-0.11728525025136327,0.516524410266636
GSAT,0,0.008500772797527034,-0.049526584122359774,-0.03440621531631516,0.09756097560975618,-0.02764324565978693,-0.038284387781421514,0.008793120108222974,0.03777521016518229,0.026984228077552127,0.0276908769362459,0.8084956216785002,0.03448275862068974,0.04413991976488485,64.86486486486487,0.804829546922921,0.9853376710429286,-0.1805081241200076,0.5314157697834248
GSAT,0,-0.04482758620689664,-0.11845827439886847,-0.08714756499450749,0.07410598879793184,-0.047455295735900904,-0.07326865172298425,-0.03962093341294748,0.0327414042563772,0.029444016844899546,0.029192644711143828,1.1450252590194117,0.056959486562374574,0.04872135031639798,50.06402048655568,0.6224152629223418,0.9127343405165608,-0.29031907759421893,0.35012836390389207
GSAT,0,-0.014440433212996373,-0.12155881301394345,-0.09502762430939216,0.049551473729175566,-0.03616820963439504,-0.077806553316068,-0.05559933119366556,0.03241831644699609,0.029477835892941232,0.029454344272510466,0.8831110552360198,0.03868131868131861,0.049879137113083595,35.15981735159819,0.44521968891242736,0.819211986362707,-0.3739922974502796,0.27990155651887344
GSAT,0,0.009361009361009476,-0.04541955350269433,-0.10242490047050301,0.05352591333899759,-0.01805511561609119,-0.05918057663125953,-0.04906152341877723,0.02226621060393246,0.028732508573969327,0.029485127209233505,0.7244736198595195,0.023790322580645156,0.03616222087478612,33.12401883830458,0.3189391846129581,0.719140798834753,-0.4002016142217949,0.29565668661232625
GSAT,0,-0.03870967741935483,-0.07882534775888717,-0.13716974303293517,0.012314225053078554,-0.04056664520283315,-0.08240637388861094,-0.08638001073043611,0.025459072056012475,0.029769692049919992,0.030929963780790846,0.9700477960891435,0.048657718120805375,0.04051432091316669,28.0,0.14310194545282684,0.6039177123831405,-0.4608157669303137,0.13453784849767347
GSAT,0,-0.009228187919463005,-0.09501915708812259,-0.1398397669337218,0.02074330164217808,-0.030059132720105075,-0.07723561354846276,-0.09564285167317566,0.022217907994688375,0.029692686634488718,0.030726133070311308,0.6563596777633216,0.027942421676545304,0.039206253524337806,24.339360222531326,-0.013044442162403413,0.4805121587446933,-0.4935566009070967,0.08270759784801858
GSAT,0,-0.005503810330228731,-0.0577617328519856,-0.16937765205091948,-0.01261034047919296,-0.023853058510638347,-0.06481407755394553,-0.10010343638662234,0.017500723528931127,0.025646503048214666,0.030106779973257395,0.8547518302561333,0.025329927628778157,0.032880341737618515,24.44134078212292,-0.14512969475298476,0.3553731423949883,-0.5005028371479731,0.07090625009828279
GSAT,0,-0.01447424435930178,-0.057794057794057885,-0.17232749374329637,-0.07102728731942232,-0.026492851135408002,-0.06031823347946108,-0.11011166849257148,0.017502051592000852,0.025562087021763845,0.028058477791838926,1.3887886263077147,0.047442764578833625,0.03463263091712152,18.09116809116813,-0.273087518770847,0.22967245541636352,-0.5027599741872105,0.06375521095808301
RAVI,0,0.0005441346268695302,0.0012351089684847771,0.0027932960893854997,0.0007861133280124832,0.0007805530776092695,0.001322212843727133,0.0025029382390615584,0.00029398816404037375,0.00023443900499708897,0.0009025780818043067,0.9898348300012653,0.0006181191139408141,0.004586224173047106,82.40740740740948,0.020151506523262697,0.011528291828062623,0.008623214695200073,0.9435256372512538
RAVI,0,0.0003316089667064759,0.0015671275084001568,0.0027257013694990118,0.0007861133280124832,0.0007988873966886523,0.0013816051981816457,0.0025029382390615584,0.0002597674152471607,0.00023155468912246528,0.0009025780818043067,0.524171693637509,0.0006629980773057265,0.004147751899853979,83.66762177650659,0.02464806670546693,0.014247935767870836,0.010400130937596095,0.9435256372512538
RAVI,0,0.000331499038652705,0.001992296453712239,0.0026581605528974706,0.0007861133280124832,0.0007322431047105393,0.0014476121700310873,0.0025029382390615584,0.00013152893696433536,0.00022841969683031735,0.0009025780818043067,1.4612409483868183,0.0018557794273594986,0.0007601084759886339,83.89830508474783,0.02926647117268999,0.017338638393799965,0.011927832778890025,0.9435256372512538
RAVI,0,6.62778366913308e-05,0.0015266162219567114,0.0027246145667199073,0.0007861133280124832,0.0004933176674029038,0.0012415155912726128,0.0025029382390615584,0.0001720240682095673,0.00022069008853303,0.0009025780818043067,0.5503172316290157,0.000530187553847068,0.0008130462920813025,82.67477203647599,0.032734876617539044,0.020488821864061882,0.012246054753477162,0.9435256372512538
RAVI,0,-6.627344423082437e-05,0.0012077134401251577,0.0023717305660928556,0.0007861133280124832,0.00018561238830105964,0.0009380477196949677,0.0025029382390615584,0.00024147176693598788,0.000245014773339585,0.0009025780818043067,1.298982719865341,0.000530222693531366,0.0008394613731968946,95.77464788732824,0.03467400470577786,0.023377903500327188,0.011296101205450673,0.9435256372512538
RAVI,0,0.0005965005302226434,0.0012601140734844751,0.002496779420162909,0.0007861133280124832,0.0005301875538470391,0.0012853487486752524,0.0025029382390615584,0.00025842260801452866,0.0002609613305765215,0.0009025780818043067,0.39369979939363237,0.0006623832549512772,0.0008483142013989873,95.98662207358291,0.038629192273887725,0.02647276287918453,0.012156429394703194,0.9435256372512538
RAVI,0,0.0003311916274757465,0.0012596963468805011,0.0028287979600782887,0.0007861133280124832,0.0006095621753419156,0.0013340511925570286,0.0025029382390615584,0.00025839050106562334,0.00024639832016752454,0.0009025780818043067,0.3365410166236308,0.000529731161435466,0.0008216608182249352,95.91836734694321,0.042841102621551386,0.029784613869930743,0.013056488751620642,0.9435256372512538
RAVI,0,-0.0035876042908226102,-0.0026630434782609624,-0.0006760525966265085,0.0007861133280124832,-0.002449093668286939,-0.0021909888174826975,-0.0011328329998646636,0.0017270037932408315,0.0012544243993734899,0.0009025780818043067,0.8866306695464363,0.000531638469891403,0.0005568326267313161,49.920339883165035,0.02765932138224514,0.029355598403133787,-0.001696277020888648,0.292670982950582
RAVI,0,0.00014487148304542785,-0.002584664325004926,-0.001061993893535118,0.0006648936170212671,-0.001788423717135501,-0.0019405458967421962,-0.0010212814991927832,0.001734153161452906,0.001239816765314406,0.0009013847290925989,1.3759768176527873,0.00039867109634553004,0.0005305293352310085,48.962655601659925,0.016306984976580452,0.026726476220204316,-0.010419491243623864,0.30821957063235167
RAVI,0,0.0001328903654485014,-0.0023860021208906845,-0.0011811702875950125,0.00039877708361024666,-0.001178784219845741,-0.0016900699997519641,-0.0009084219596769971,0.0017492944952402036,0.0012365604934492234,0.0008976652267046424,0.31154642660918813,0.0003986181238373789,0.000504208421292211,46.501512859304874,0.007988769134584572,0.022956681864942118,-0.014967912730357545,0.32715090703910765
RAVI,0,0.0002657454158914163,-0.002715771345300322,-0.0014590794535084273,0.001330140994945328,-0.0003694171468513474,-0.0012790473836574723,-0.0007092468775149463,0.0017042512668905402,0.0012230703026019903,0.0008843093162465762,2.608620664874887,0.0025239107332624563,0.0008765139169544468,48.45116618075839,0.0028088397756391714,0.01890799405948946,-0.016099154283850288,0.3570663106877501
RAVI,0,-0.0002656748140276166,-0.0033108197589722943,-0.0020552940396473263,0.0006648052120730163,2.896708940025583e-05,-0.001339023108930082,-0.0010078856131461311,0.001647713411750256,0.0012117226896809804,0.00088365771147465,0.9401719690455718,0.0006643635397289018,0.000903440392613134,47.330010679957205,-0.0026423987900727752,0.014581570724338112,-0.017223969514410888,0.290484781908667
RAVI,0,0.0005314908317830547,0.0008094195704095863,-0.001855779427359483,0.0007974481658692412,0.0003985651654045963,-0.0006225869116598393,-0.0005167315224680058,0.00028780766058739,0.001223158833803459,0.0008870338498395932,0.7053642883964029,0.0005312084993360724,0.0009033543985020679,47.330010679957205,-0.004046284550597079,0.010844705687783309,-0.014890990238380388,0.3896797938751675
RAVI,0,0.0,0.0006644518272425071,-0.0019219298826959053,0.0007974481658692412,0.0002656748140275056,-0.00043022651206847673,-0.0005565294119755926,0.0002970887273653187,0.0012218244655112975,0.0008870338498395932,1.0175898640368792,0.000664010624169949,0.0009564223040669517,45.48636698599792,-0.005092827998510074,0.00764947335278574,-0.012742301351295815,0.3776299487110228
RAVI,0,0.00033200531208499307,0.0008636726016475471,-0.0015243902439023849,0.0008437248792543262,0.00042500630868747,5.4300990256272996e-05,-0.0002668388344537753,0.00031014684406391606,0.0012328087662804004,0.0008877676462545692,0.8733919706773741,0.0003982741453700781,0.0009563535083734915,43.830675778284295,-0.004061873880033318,0.005302664517750932,-0.009364538397784249,0.43993353543205777
RAVI,0,0.00019913707268504055,0.0007970244420829609,-0.0019209114393587967,0.0005710718886542399,0.0004647765752605615,0.000446044367272469,-9.628751571644223e-05,0.00030656164672749015,0.0012122396208977095,0.000882912009971347,0.8248335674586209,0.00038492168834611577,0.0005285556993902234,42.743808049535374,-0.0021289544752249867,0.0038140371799244106,-0.005942991655149397,0.4781281237059234
RAVI,0,0.0001990974250065669,0.0012622907254848936,-0.002052708250562807,0.0007702830126035121,0.00041155541394521933,0.0008512315762951861,6.429980137401259e-05,0.00019596718316710666,0.001206616665210627,0.0008836908832309844,1.0598296039299318,0.00026541039081674767,0.00044876506960779257,41.614048934491755,0.0004941623036671672,0.0031492392246661133,-0.002655076920998946,0.5147558535256646
RAVI,0,0.0002654103908168448,0.0009960159362549792,0.001806241701455935,0.0011289679904369354,0.00047784016246543715,0.0009361990319303182,0.00027330850797646633,0.00012419913121642853,0.00020989586486975815,0.0008845099468256744,0.2977163915137971,0.0005306799336649027,0.0004486593564735586,43.292449214259165,0.00399991346814943,0.0033195427337889957,0.000680370734360434,0.5635641189271885
RAVI,0,0.00013266998341632252,0.0011288180610891096,0.00179401993355488,0.0007301208018055672,0.00038483995965821194,0.0008895615921824529,0.000369507049463369,7.573902253616715e-05,0.0002101612697434005,0.0008777205214550832,4.638926037001417,0.0005306095377065232,0.0004219791391808734,44.77980258162584,0.007428944320523101,0.004142074728121017,0.0032868695924020835,0.5858752751128172
RAVI,0,0.0003316309610663648,0.0011284434118816744,0.0019930906191867326,0.00080956615217187,0.0004908919639656784,0.0010221284164972921,0.0006607598798329395,7.560769193745335e-05,0.00021463663921191428,0.0008789247656813193,0.48674554440617046,0.004508685850682979,0.0012440614802434534,42.600631412786015,0.011874586100574902,0.00568955783655742,0.006185028264017482,0.65203137538438
RAVI,0,0.00037130354064451865,0.0013007698433766812,0.0020988310308183156,0.0006366892160765136,0.0006021811159186985,0.0011838277451001744,0.001000429855098517,9.678687838986393e-05,0.0002207832916486564,0.0008745546227805075,0.31159235312868694,0.0005302367507090862,0.0012731244927160475,42.93840721851697,0.017298326052255675,0.008012489345905916,0.009285836706349759,0.7257613648225496
RAVI,0,9.279143137397305e-05,0.0011943467586754686,0.002458145096996933,0.00039779884638324603,0.0004561692918501059,0.0010309510888673046,0.001073388982725909,0.00012192719502244481,0.0001540342251204737,0.0008718775439597834,2.0156388591652736,0.00038438597653915255,0.0012969196098605285,91.86661244408431,0.021864491125995755,0.01078401396587526,0.011080477160120495,0.7386544626106114
RAVI,0,0.0001988203326928062,0.0011276948590379643,0.002124833997343867,0.00026511134676554526,0.000429550986641436,0.001017466733348238,0.0012591371033052745,0.0001219254055475733,0.00011685502764149881,0.0008698871456691023,0.2844103913070343,0.00026504108136755927,0.0012437918394010597,92.00000000000114,0.026312495954385895,0.01389071854685465,0.012421777407531245,0.7765169626821047
RAVI,0,-8.216273522387851e-05,0.0009126484048549433,0.002042496679946826,0.00011664126184651735,0.0001648962850087088,0.000731047280934094,0.001171025831498973,0.00018455836594135773,0.00013493027982599396,0.0008700474058624148,0.21245083168959464,0.0003975942894857666,0.0012171887897569086,89.35824532900426,0.029021493255896758,0.016917659327418365,0.012103833928478393,0.7558187235958732
RAVI,0,0.0004797637759794693,0.0010608672589842438,0.002190507799535224,0.0006627783669139742,0.0004325621781626765,0.000992107954923771,0.0016181260904406525,0.00022248095745744324,0.00015681265241751095,0.0008761992790970229,0.9581682522490128,0.0005298715061598391,0.00042142592085228056,90.01524390244224,0.03355306535709701,0.020245431684632345,0.013307633672464667,0.8418262688358394
RAVI,0,0.00013246787653997671,0.0008218669635993159,0.00212370586673738,0.0001987149764854923,0.0004006902897266684,0.0009123548113658675,0.0017408398263498714,0.00020468248588988288,0.0001591435972448401,0.0008665974435434147,0.7170411170804298,0.0009271523178807044,0.0005008090342866042,97.54358161648449,0.03747537524166944,0.023691993054272477,0.013783382187396963,0.86330672517086
RAVI,0,0.0,0.0007290078865398453,0.0019242253334217363,-0.0001324327903589051,0.0002548993942299571,0.0007199882087352005,0.001747485464544507,0.00021664795813653137,0.00017282782107014418,0.0008633007834638092,0.6734219633366013,0.0003973509933774985,0.0005034020376542734,97.0809792843724,0.04011522848368543,0.02697707680268375,0.01313815168100168,0.8679474450261672
RAVI,0,0.00026490066225171027,0.0007951232441028022,0.0019237147595356774,0.0037334311548118393,0.00036082930336611696,0.0007927359834021264,0.0018261571609476945,0.0002226256771448642,0.00017280392598347815,0.00018721563348819944,0.5754065061396972,0.000781249999999967,0.0006066438213807549,97.33218588640574,0.04325423885973123,0.030232855427860975,0.013021383431870256,0.8816136442895258
RAVI,0,6.620762711873063e-05,0.0009436237803794878,0.0018571333819725755,0.0036544850498339,0.0002383884937822156,0.0006733428571201738,0.0017097703607706904,0.000189933396625115,0.00017658544431969916,0.0001889513652980844,0.6482554575694915,0.0003707381661702191,0.0006012725967176455,97.0809792843724,0.04560005556916735,0.03330655693772849,0.01229349863143886,0.8584530660697558
RAVI,0,-0.0027143330023172707,-0.002251953901178938,-0.001193475666357302,0.000797236247674471,-0.0020272150305405967,-0.0019238011490864126,-0.0010489516518038533,0.0012695004853491934,0.0009274199602140995,0.0006751907198506697,0.4108582270482511,0.0006638343069569458,0.0006280651568770668,47.51491053677805,0.031112769907025495,0.032867769669273836,-0.001754999762248341,0.2702080862822124
FPXI,0,-0.009919177075679686,-0.017499088589135958,-0.010282776349614386,0.04026845637583887,-0.010319121589365099,-0.010337293208233178,0.03214603943430294,0.006940779562883713,0.0064418863834698106,0.008964396138312932,1.7331399564902104,0.012404452690166937,0.00999225102513153,53.24189526184535,0.022979361855789193,0.05536270772038742,-0.03238334586459823,1.063972915559803
FPXI,0,0.009647495361781111,-0.002200220022002153,0.004800590841949948,0.04026845637583887,-0.0003306513832249669,-0.0012663106315035089,0.03214603943430294,0.008836656765139023,0.007023672562316618,0.008964396138312932,1.384428715874621,0.020029400955531115,0.012311295866036062,58.60927152317879,0.021803491029636746,0.048406100526242654,-0.02660260949660591,1.063972915559803
FPXI,0,0.02388827636898183,0.014197306152166078,0.02539565697460433,0.04026845637583887,0.02062497710371103,0.020008420744320743,0.03214603943430294,0.01403519332428328,0.010223533298143057,0.008964396138312932,1.4103784599356959,0.011710337401292108,0.012760389192672366,69.20384951881012,0.09948177202688413,0.058917092961461866,0.040564679065422264,1.063972915559803
FPXI,0,-0.006640344580043034,0.015782712424297962,0.020464601769911495,0.04026845637583887,0.010663550377971731,0.011180532719500258,0.03214603943430294,0.01374294457451545,0.010560111522124023,0.008964396138312932,1.6647669912397827,0.004878048780487861,0.012008709537868863,59.81132075471697,0.13459044493535544,0.07440041681390211,0.060190028121453326,1.063972915559803
FPXI,0,0.007046070460704712,0.02387950036737707,0.018640350877193068,0.04026845637583887,0.012975684222004347,0.016411378555798883,0.03214603943430294,0.013605521827457053,0.010446397475988549,0.008964396138312932,1.18721259935064,0.013096519555077214,0.012423751876511046,61.552346570397106,0.18441519744013846,0.09680701431578996,0.0876081831243485,1.063972915559803
FPXI,0,0.003946896304269698,0.03821892393320958,0.020051039008385008,0.04026845637583887,0.00941592409538572,0.0183803457688807,0.03214603943430294,0.011021990648810447,0.01046537021755675,0.008964396138312932,1.3181886115677774,0.006433166547533942,0.011229494647984447,66.48351648351652,0.23457564979779733,0.12476363883220636,0.10981201096559097,1.063972915559803
FPXI,0,0.009113652609006317,0.037669974274163964,0.035386872020535476,0.04026845637583887,0.011137372869216344,0.0240647044955844,0.03214603943430294,0.010999490769547576,0.010282354310932414,0.008964396138312932,1.111635884560889,0.01062511067823613,0.009348636592525451,68.39378238341968,0.3036500150485679,0.1609582090591248,0.14269180598944312,1.063972915559803
FPXI,0,-0.011864706924030521,0.001435750179468842,0.015653440116490724,0.04026845637583887,-0.0011456394099956801,0.010338771297687677,0.017890613242610875,0.009119158484448853,0.011241001512304302,0.008964396138312932,1.0390088160712643,0.01792114695340502,0.010590798502948034,62.2641509433962,0.30905265812976523,0.1908528280662557,0.11819983006350954,0.8171900417050324
FPXI,0,-0.011111111111111072,-0.0030713640469738346,0.012662873921820417,0.030920130780009325,-0.011642486118574213,-0.0021338927266809637,0.005063567811737224,0.010134907049113392,0.011557420960553075,0.00939710212300272,0.4613458202355642,0.0070677781805001914,0.011028744382950501,53.53846153846155,0.26796567172929286,0.2063900411965565,0.061575630532736375,0.597414413252887
FPXI,0,0.008880028996013145,-0.0012558306422676413,0.022593681116825914,0.025041428834468693,-0.002615737422961062,0.004492881759621703,0.012734218664726127,0.010506013580056168,0.011760264154241806,0.009055412495998977,2.3698496135530545,0.007724088377941436,0.009954258147523345,55.91240875912411,0.26621360112716275,0.21842579976122986,0.047787801365932886,0.7434463879737722
FPXI,0,-0.004850008981498122,-0.010007147962830643,0.027829313543599188,0.0172603745868527,-0.005457417779692553,-0.0030771445538141373,0.006961484632022508,0.010372198535096586,0.011274317464557697,0.009149160572181247,2.5658802368021236,0.011833935018050537,0.011034411841626662,56.32352941176471,0.24314896543678088,0.2233938940583325,0.019755071378448397,0.6340172219852229
FPXI,0,0.0003610108303249149,-0.01859394368691336,0.01837559720690929,0.023264401772525867,-0.0013334774930624516,-0.004508631064647717,0.006172839506172867,0.008626369868680166,0.011027909919543824,0.009026231965245874,0.3822793854948196,0.005591844099603012,0.01002775852590004,53.738317757009376,0.22374417752138243,0.22346421642131845,0.0002799611000639801,0.6231795549548077
FPXI,0,0.007939372067845563,0.0010752688172044333,0.002512562814070307,0.027972027972027913,0.006377688898497658,0.00314267756128217,0.012763797229675689,0.00849560055802301,0.008308975967946067,0.009141949706737745,0.5088021588308764,0.0060562119584675386,0.007654771526912543,60.68642745709826,0.23691169466867734,0.22616186521398451,0.010749829454692827,0.7558289733496624
FPXI,0,-0.0064446831364124435,0.005799202609641174,0.0027100271002709064,0.023230088495575174,-0.0012596724851536845,-0.0035906642728905647,0.005088828120755284,0.007073667030150303,0.008291074747884196,0.009285224714362028,0.4438679925061248,0.006846846846846893,0.007610585260181883,57.88690476190478,0.2188851418679505,0.22470299320870832,-0.005817851340757824,0.6069838160151194
FPXI,0,-0.007027027027027066,-0.010059277887551676,-0.011302475780409105,0.007127192982456121,-0.00627501893324689,-0.009472113881050404,-0.0023262760574599417,0.006275232232855704,0.008213095478372836,0.009274553883090175,0.34563208334590356,0.008889493739793117,0.00784366633255222,59.208523592085236,0.17439127752323458,0.2146211489486771,-0.040229871425442515,0.45032928249285054
FPXI,0,0.00852839774995462,0.003249097472924234,-0.006790564689063694,0.013124316441851969,0.0015497170865319543,-0.00034173276497784233,0.005526960895168909,0.00749260620465649,0.008642801387114683,0.00944237110653407,6.194242529622813,0.011874775098956526,0.007851834348733417,58.89570552147237,0.17152833920506083,0.20598922975196698,-0.03446089054690615,0.6184811725824247
FPXI,0,-0.00017992083483264754,0.0027066041140382247,-0.015937666017354357,0.018885221855518886,0.0008284705712844342,0.001098920895710842,0.004410223041607875,0.007502107879074414,0.007948329540573599,0.00932051769678201,0.4883417679590442,0.006586287565233033,0.008050723041859421,48.56596558317401,0.16657623106482333,0.1980968597336878,-0.03152062866886446,0.5978110548004462
FPXI,0,0.00017995321216490723,-0.005012531328320802,-0.003942652329749108,0.011649071714597836,0.002019182231196348,0.0016760682682428474,0.004010260486289052,0.006301273064051606,0.007081453189238676,0.009200208306856516,0.4014369143803827,0.010924793091039922,0.009024439268373898,52.36139630390141,0.16150989276137295,0.19077221235981862,-0.029262319598445663,0.5896308242329555
FPXI,0,0.009175962576466468,0.010630630630630744,0.016491482421167047,0.029363185905670885,0.009067031266865921,0.009212278239591365,0.011760886034849705,0.006774483252086132,0.0065491097052997,0.009144317835643947,0.8863391344524872,0.012832947049384905,0.010221659308881501,53.507014028056126,0.19322422166047915,0.19126300306440774,0.0019612185960714013,0.7697155261965877
FPXI,0,-0.0037136744517739517,0.014002903284340507,0.0038027663014190694,0.026482365907421146,0.002536044810634408,0.0050815506778247865,0.00669454928775548,0.005736722726087263,0.006207629579568342,0.009204203686081523,0.12879244107569307,0.009453899935041246,0.010334540547931126,49.2135869674387,0.20035557344690602,0.1930826704921609,0.007272902954745114,0.6648261251637512
FPXI,0,0.003190668859394119,0.008636200071968414,0.011913357400722191,0.04007421150278301,0.004005635039832756,0.00709294519355641,0.007945527070916114,0.004828559427934714,0.005968632927633806,0.008818304313578133,0.1404384328358209,0.006956831965750991,0.00935095192129002,45.58817199672884,0.21689606795628436,0.19784776617554686,0.019048301780737492,0.7569304870247646
FPXI,0,-0.0007135212272565417,0.008097894547417717,0.01082641645615312,0.029400955531054818,0.0016747028323327307,0.005290786910116196,0.005779642154662978,0.004886886410669012,0.005995049549373489,0.008648296179828095,0.234788913055602,0.00665833630846122,0.009365361669935656,52.73863466613562,0.22433794465725043,0.20314795188263732,0.021189992774613114,0.7414345097113585
FPXI,0,0.00839521599428772,0.01637819359481818,0.011283566058002181,0.013824479540559986,0.006806467480804823,0.01258509864093127,0.013522532770208429,0.0056079102497100025,0.006054326611794546,0.007089348032744077,0.3791582320026073,0.006372775503050957,0.008454958152337863,66.94251208978766,0.26294280495388733,0.21511080466456972,0.04783200028931761,0.9990488571101841
FPXI,0,-0.002483612230772314,0.004635407380994883,0.015315315315315381,0.01806684733513997,0.0033760443301684706,0.008533608241518387,0.010099199449330243,0.004918271308680523,0.005616788435847072,0.0069214420586057625,0.46914319684258043,0.009760425909494181,0.00784045392435972,59.66678039349483,0.27952420077674134,0.22799682929026321,0.051527371486478124,0.8614354988771286
FPXI,0,-0.0003549245785271493,0.008022304260607571,0.022137543095626988,0.010584858270541675,0.0014211540396578126,0.005979083921479056,0.009207020913320818,0.004317260659450852,0.0048275064244995,0.006772839839470188,0.14988240133785247,0.005679034262382462,0.0070854807898279625,64.23237022526936,0.2877693215960164,0.2399538111193814,0.047815510476635015,0.8149749249268796
FPXI,0,-0.012959346706905683,-0.00820549411344984,0.00035984166966529507,-0.006433166547533897,-0.009937309087956314,-0.007093211803447241,-0.003550300099824155,0.007616646709824446,0.006266610872588377,0.007356251078750841,0.2994573507714621,0.0064748201438848815,0.006989078425454741,52.26289852157297,0.23534528348485395,0.23903195242242742,-0.0036866689375734674,0.37895534644208484
FPXI,0,0.00494604316546754,-0.0025883612995359906,0.00548857297102745,-0.010536568089250964,-0.00452635408467561,-0.002725437596046265,0.0019123750299225861,0.008184970405852787,0.006452276111126027,0.007131234331117764,0.49995133955260196,0.006442953020134218,0.006946001767789339,50.19673679240335,0.2126184890351439,0.2337485574613212,-0.02113006842617729,0.5705021756382161
FPXI,0,-0.01118568232662187,-0.02195598182342806,-0.005937387549478146,-0.009856630824372714,-0.011291852329056273,-0.013299472985836225,-0.0088059295830617,0.007528135878071248,0.00745153470923923,0.0070757069127393,1.6728390935222943,0.010128506787330247,0.007697148024645198,46.93417050917295,0.14449034083322232,0.21589501562149044,-0.07140467478826812,0.18962137771499504
FPXI,0,-0.010135746606334872,-0.029458740017746288,-0.024959885897664513,-0.008880028996013034,-0.015463824731318354,-0.020852318605238285,-0.01842098414558746,0.0078117168842195515,0.007140983029489029,0.007001486318576109,0.6252263344680234,0.007405375754251126,0.0072261379935965875,45.055566019966065,0.04645278358670879,0.18200368605907372,-0.13555090247236493,-0.07773910965348806
FPXI,0,-0.012382519656244262,-0.04113616190307123,-0.03344386444936365,-0.02976827734866183,-0.01947443213793243,-0.029730107938501615,-0.0291315536738751,0.007508692070117761,0.0078002405266948864,0.007127753209118487,2.396656845298871,0.011758323952840833,0.00844199593168826,32.408405172413765,-0.08303478293532862,0.1289923844979595,-0.21202716743328812,-0.1921762926649412
FPXE,0,-0.00033255736614568043,-0.02116574405731042,-0.012807881773399088,0.012980611238909034,-0.0083789668140134,-0.010657971690863244,0.023902131785169534,0.007671983293172478,0.006686158571805106,0.00785289930519145,0.4889473887964074,0.0033266799733866078,0.014117106340412943,41.31618475403677,-0.030377446640862615,0.0020476345856440766,-0.03242508122650669,1.0665903462541007
FPXE,0,0.009980039920159722,-0.016520894071914483,-0.0006583278472679366,0.012980611238909034,0.004898715742089221,-0.0007185215637109943,0.023902131785169534,0.009271574628129798,0.007547787926163283,0.00785289930519145,0.49959532043263927,0.003952569169960507,0.01069122885597291,48.55990783410138,-0.024878155237928468,-0.0035339063937173476,-0.02134424884421112,1.0665903462541007
FPXE,0,0.013504611330698246,0.011505588428665225,0.013040801477584463,0.012980611238909034,0.016115183937652766,0.011457708773812136,0.023902131785169534,0.009231562541822336,0.008675461841876793,0.00785289930519145,0.5189124881906295,0.09359766005849851,0.02336210866517427,62.83388651809703,0.00447372906015886,-0.0018859947127396652,0.006359723772898525,1.0665903462541007
FPXE,0,-0.003194670133246591,0.017303482587064822,0.011619623079612396,0.012980611238909034,0.00939106190479011,0.007060194039598011,0.023902131785169534,0.00773703618269175,0.008742546752209526,0.00785289930519145,0.39332297087247414,0.0026082675560858476,0.021694707450023266,57.297874964034705,0.020719862485705676,0.0027393297751500405,0.017980532710555636,1.0665903462541007
FPXE,0,0.0025528418705189626,0.022613900897904937,0.008692799737575863,0.012980611238909034,0.007458799030480412,0.00875335471999783,0.023902131785169534,0.007026144490484353,0.008632326872501744,0.00785289930519145,0.10601320820298923,0.0,0.020697035351586297,56.30835225839014,0.03784421698787099,0.009889106138354673,0.02795511084951632,1.0665903462541007
FPXE,0,0.010081300813008065,0.03326679973386559,0.011396939107782389,0.012980611238909034,0.010990699276161697,0.017754341102366178,0.023902131785169534,0.006773693293638947,0.008895843495147961,0.00785289930519145,1.2439655172413793,0.0041854475209273205,0.020868788861094438,62.98800519520209,0.07043027006286451,0.022174388501083605,0.0482558815617809,1.0665903462541007
FPXE,0,0.005434642627173192,0.028616600790513758,0.011622934888241065,0.012980611238909034,0.01076834940332283,0.022083815402540896,0.023902131785169534,0.006503748707320735,0.008907455017528201,0.00785289930519145,0.7565759739672784,0.00572548416845985,0.02122337186079431,65.37313432835825,0.10569909891747642,0.039074171820483485,0.06662492709699294,1.0665903462541007
FPXE,0,-0.012930371964340659,0.0017874553136172366,0.013313609467455523,0.012980611238909034,-0.00265634757062283,0.007532387304274524,0.010008669855443353,0.008864673951196398,0.008593185143215786,0.00785289930519145,0.08252674477840041,0.0,0.0025038398490946066,58.07719343089012,0.10496679053871816,0.052375377532955285,0.05259141300576287,0.731976333855431
FPXE,0,0.0014598540145986938,0.006465243204647919,0.023880597014925398,0.02488678769206265,-0.0024803889001627777,0.006634264369484111,0.010242490923525915,0.008635728611850437,0.0078117537716408825,0.007426306351771241,0.9081127609210243,0.002591512795594488,0.0025004888969963343,56.397049049581305,0.10616754431055142,0.0632137842141605,0.04295376009639092,0.7415051563177221
FPXE,0,0.0023841917719469308,0.006295934959349658,0.02905221150648485,0.02068173871740231,-0.0013516008143169556,0.006167996199507808,0.011613237318627734,0.008630035258109556,0.007610194806938741,0.007329200285111672,0.5859802847754655,0.010018226709238817,0.004504134238844097,54.08705997620546,0.1108403874305175,0.07279566630597338,0.038044721124544115,0.7692898026978358
FPXE,0,0.0019293165630371867,-0.0018254990341274313,0.03138057218895551,0.018170771756978565,0.0009414304965367215,0.005026542843287185,0.012649090582761646,0.0072054555123718484,0.007536901605549,0.007290470898609894,0.3708690330477356,0.0031125718875087143,0.0042895591121603766,52.417044424297345,0.11726559824361615,0.081731852640332,0.03553374560328415,0.7842553769534999
FPXE,0,0.006825079910848242,-0.00044510195716773726,0.028158761528326748,0.027481895984200255,0.00786339379349199,0.009089430857513792,0.01817222251578543,0.007504865188825388,0.0072794777973148265,0.007363152354690203,1.243090371513048,0.004321654081864808,0.0040087930948413675,65.77746020404109,0.13559061849857557,0.0925444546675053,0.04304616383107027,0.8861227668457426
FPXE,0,0.01837583974319945,0.031257096512570914,0.033100422489437786,0.04657288000553117,0.020037183858585772,0.024259897833389887,0.03449532697810587,0.007139849078917843,0.00818207237243414,0.008268918076803588,1.2054756250873027,0.006558975730216928,0.005320588240884753,79.02362985793746,0.1885428983703541,0.11180234681569831,0.07674055155465578,1.1113366468700396
FPXE,0,-0.0066376205231450935,0.022918691286038184,0.02953210940378259,0.04149488446341287,0.008686635856378189,0.014500343119742354,0.025529356153330296,0.009124803793864126,0.008549532141396681,0.008464095930717203,0.19303124488794374,0.0,0.004802285681765856,75.51884077597592,0.2126409155947364,0.13201894129761363,0.08062197429712278,0.9259538634300345
FPXE,0,-0.010162299105375694,0.010115177290295874,0.01647479674796748,0.02531080859439072,-0.003556472550509837,0.0025589524524951557,0.01383733600994752,0.011335372795038837,0.009506689372098922,0.008846833897650603,0.46474614037879997,0.003947966189540774,0.0035882335778262475,68.32690069227472,0.20600659988038572,0.14684515107465843,0.059161448805727296,0.7285577411579344
FPXE,0,0.006734577657198759,0.014959697838617059,0.013106889890534434,0.02465320742429178,0.00019643417929282592,0.007994546653754986,0.019413402617934006,0.01152303047419043,0.009232877916869147,0.008824565513749594,0.8107081830263907,0.00022563248599323307,0.003010845697523151,67.43409656388775,0.21360879223405504,0.16021857367566283,0.05339021855839221,0.8078381192367712
FPXE,0,-0.006740373278757761,0.001284642910917455,0.0008389691566759172,0.012471655328798015,-0.006798449518795269,0.0011162662575292526,0.011911121471423147,0.011992663648635344,0.009433684990994388,0.008946446963240075,0.25516937967443903,0.002719564869620888,0.0026904278550743672,58.14523713556361,0.20165948500095965,0.1685170289307467,0.03314245607021296,0.6860697458498042
FPXE,0,0.006059830427131763,-0.010824669298645673,0.020094079480940774,0.033675213675213644,0.001410185693557997,0.005188591938710019,0.016357707852268755,0.007933224977179958,0.008364682670721775,0.00826060924135666,0.9615384615384616,0.001093994479144189,0.0015974316048598196,62.59166313593847,0.20384247084029994,0.17558912117357647,0.028253349666723465,0.7548621634072349
FPXE,0,0.007836053478520677,0.0035879977832316,0.026588921282798772,0.05110447761194026,0.008529480841606096,0.010414112664228092,0.021777596648886233,0.008505960965061307,0.00855779147910701,0.0079759465716663,3.409493161705551,0.021141782473146836,0.005825788099489187,64.53466814979606,0.2213276337328054,0.18474407698869355,0.036583556744111845,0.8466510773268752
FPXE,0,-0.0028651848485995446,0.010986479655496817,0.02121278713530428,0.050881277020286,0.0034466487104758414,0.005414922966445079,0.016343184357577645,0.006572899515166642,0.008735769271250568,0.007983321177291336,1.2047073397336638,0.006012658227848029,0.006238726507150638,58.94869415351987,0.22571362124670458,0.19294318264089644,0.03277043860580814,0.782595807396685
FPXE,0,0.0030063291139239556,0.007242485008151389,0.022310528234091187,0.05439121756487042,0.005008713563479539,0.006223058651422919,0.01672536481979492,0.006126927763885046,0.008739582824924893,0.007955507763270283,0.5482186732186732,0.0036283325445653396,0.00691926651886506,57.919412923829604,0.23361239454637328,0.2010811514624163,0.03253124308395697,0.8277702102138802
FPXE,0,-0.0007887679444706919,0.013277875539913664,0.014579575779515519,0.043148880105401854,0.0015800106514729517,0.003978824828044347,0.013793286684543826,0.004496983793224035,0.008626994223070443,0.007798420829523029,3.674423910563541,0.00820966214082733,0.008017285973106348,66.47430398502698,0.2352260377458677,0.20791290000555182,0.02731313774031588,0.7967646844834568
FPXE,0,0.019160088411746212,0.02647212222208095,0.015360900954747958,0.04896977575560624,0.015424148349677758,0.021633687121201728,0.03073181869711905,0.008768313599374628,0.008799476002754762,0.008317340528223359,3.06206654376262,0.008575819164229462,0.009513650910123402,72.49872057318328,0.2794114086644548,0.22221724376227936,0.05719416490217544,1.082009392281002
FPXE,0,-0.006561988796906837,0.011807843285748465,0.015438207584514307,0.0454262398236811,0.006391440917776103,0.013366066126520693,0.021695211096441458,0.009993439894836536,0.008791676045705979,0.008469792160740841,0.057329334979714236,0.0,0.005285294415494035,67.17515162653922,0.29476888763138476,0.23673134061107406,0.05803754702031069,0.9084564485599386
FPXE,0,0.004366131295805431,0.019145569620253156,0.03034239168687569,0.04731707317073175,0.006961337437262349,0.014749072924868711,0.0237828849124031,0.009556460217301992,0.007780097420994316,0.008482813269202345,0.1804604853764779,0.0,0.004082762769924429,67.96316780770724,0.3140153159784056,0.25219134660216197,0.061823969376243626,0.9379256605298278
FPXE,0,-0.017050147492625345,-0.0012336330651522287,0.005999917374019281,0.019185447520927212,-0.009965428744244553,-0.0031455680995498003,0.0053749746718134706,0.013420212900651148,0.009872760006312474,0.009310154883096394,0.9989187390834234,0.0011056390751803026,0.003578224076047422,55.98794264610036,0.2836705943057467,0.2584882423941506,0.025182351911596124,0.6010631819704136
FPXE,0,-0.0038191932625513125,-0.004262709188506575,0.008958566629339249,0.009805051747105331,-0.012913044322035327,-0.007827574999708986,0.001048505855347992,0.013522902587150968,0.009671210661613586,0.009307679536681478,0.39215686274509803,0.003012525765022954,0.0025387968008865466,46.075486887327,0.24742761859106466,0.2562758235526271,-0.008848204961562467,0.5199312567798771
FPXE,0,-0.0010401141588711749,-0.023998661577355973,0.0018381651422827439,0.021969180859691795,-0.00913482437119062,-0.00903975737954299,-0.0010664060530516384,0.00794174392525081,0.009512432696747614,0.008766749332699844,0.2781629822987193,0.005326612109630543,0.0018889553899667628,48.76618056693426,0.21370458724933172,0.24776067080561448,-0.03405608355628276,0.47802036962401223
FPXE,0,-0.009751699881278109,-0.02713238733821921,-0.015644919030128546,0.01052802073210235,-0.01339780167508886,-0.017170452794723623,-0.011317161974741419,0.00823909424116716,0.009574427641600035,0.009096371954529866,1.6570676320552904,0.005609873377143796,0.0030109300653955217,48.98610836789784,0.16124005592167023,0.23045507563160392,-0.06921501970993368,0.25127745277874586
FPXE,0,-0.0108190415130629,-0.0418413289861822,-0.023496835443037933,-0.0027824816763400984,-0.015682098891452112,-0.025524115337269837,-0.02188030693131271,0.006277131078696042,0.010017392137112885,0.00943022463829788,2.755524422084952,0.0016171109130681664,0.003334352248009155,40.36905965621844,0.09230157991937915,0.2028224959132328,-0.11052091599385364,0.02981275147423079
FPRO,0,-0.00818150295613862,-0.01650425010554546,-0.005137936196254245,-0.002110539506661291,-0.005988693009760349,-0.009888973065485418,-0.009286210139562434,0.004600811521957341,0.005297678574720982,0.00805867851390265,0.49451398547365166,0.00811180393597307,0.010127475320921776,44.00557240022947,-0.013722775253757646,0.0025278709850835653,-0.01625064623884121,0.22688244525426024
FPRO,0,0.01459062606486805,0.005543859649122851,0.0033435448577681104,-0.002110539506661291,0.007394283886366759,0.004221194628303282,-0.009286210139562434,0.00847686641879469,0.006916701911892283,0.00805867851390265,1.5364882198069263,0.008200153534789692,0.01001312006296744,55.91612903225811,-0.0032067550963752467,0.0013391203231826357,-0.004545875419557883,0.22688244525426024
FPRO,0,0.0038558168748692445,0.010990748794180494,0.006657160602905998,-0.002110539506661291,0.009059915398699436,0.007421674089799879,-0.009286210139562434,0.00839284002014749,0.007005474412038325,0.00805867851390265,1.1422357220534745,0.004692632566870037,0.008265897650377468,61.16946330216468,0.010174472293630998,0.0031573698927984863,0.007017102400832512,0.22688244525426024
FPRO,0,-0.024540730312668457,-0.011875104534370906,-0.023696558802169254,-0.002110539506661291,-0.013368960455652057,-0.014951673397464615,-0.009286210139562434,0.01481804683087366,0.010328331489305679,0.00805867851390265,1.5280546387372962,0.020369710467706015,0.01055725362960428,42.412470495672686,-0.014699135542514341,-0.0004962023266955001,-0.014202933215818841,0.22688244525426024
FPRO,0,-0.0048730512249443025,-0.01942229108418092,-0.023417248418669212,-0.002110539506661291,-0.014343258756623567,-0.017442348856653078,-0.009286210139562434,0.014554630958105282,0.010320114517283029,0.00805867851390265,2.3201120418571466,0.006400902392952612,0.009555040579658286,41.11450090571075,-0.04046550317298525,-0.00863670882406611,-0.03182879434891914,0.22688244525426024
FPRO,0,0.0029721672649796194,-0.008395031132864439,-0.02476072754494929,-0.002110539506661291,-0.009756157922834685,-0.012050105157339175,-0.009286210139562434,0.014575638841744926,0.01022971039060106,0.00805867851390265,1.1445856609665064,0.011603516758155845,0.010253383144094842,39.0757545867035,-0.05551552963963147,-0.018149567732248358,-0.03736596190738311,0.22688244525426024
FPRO,0,0.0053733208372384045,-0.01740351734245238,-0.01195614035087722,-0.002110539506661291,-0.0009118341526239693,-0.005546275466780437,-0.009286210139562434,0.012443008895502034,0.010323247487157978,0.00805867851390265,0.7551989338367994,0.01731225085895401,0.012075802608927705,42.15135337641662,-0.058597179788961284,-0.026333443810811062,-0.03226373597815022,0.22688244525426024
FPRO,0,0.007439828830668516,-0.013895406434120683,-0.0030573785614507187,-0.002110539506661291,0.0093844511652732,0.0021601972615128417,-0.001810112571804634,0.01305665032774643,0.010670466042009243,0.00805867851390265,0.9130858090150777,0.014320334875523212,0.01400134307065834,43.09209010918138,-0.049187539038193506,-0.030946813682962013,-0.018240725355231493,0.4468341878097231
FPRO,0,-0.002203128442388236,0.008685968819599044,-0.0032922825024868096,-0.0009264978381717803,0.005416685166274249,0.00028270299400134924,-0.003963254183343423,0.005159651075729401,0.010674919948186076,0.008037416686630142,1.0421396671739727,0.004415985868845126,0.01081059815088616,44.498358784073076,-0.04467022128529052,-0.03371189792396211,-0.01095832336132841,0.3838727544861169
FPRO,0,0.002110841245307915,0.015765019739845787,-0.003963464146670259,-0.0028912147495893104,0.004397736688171561,0.0027941317488577866,-0.0017163169768891207,0.0036439195016951475,0.010655501063058272,0.007996414693547234,0.891172103271543,0.014982725798491147,0.012526962831993869,43.096132273325864,-0.037389820418294306,-0.03445185033088527,-0.0029379700874090364,0.44975337569872076
FPRO,0,-0.009232003102305542,0.003405185879412631,-0.005018431894922681,-0.01013058370829556,-0.0055465373948966334,-0.00596554195443233,-0.010431635835954745,0.006639437266975563,0.010746130029940274,0.008245942382518088,0.4125348993934726,0.013449982876179307,0.012896256055598562,42.401266855415344,-0.04569645027716973,-0.0367114409350764,-0.008985009342093328,0.20656629110775668
FPRO,0,-0.0021438134081741556,-0.00409723270328588,-0.021429443785330515,-0.018157549234135817,-0.006867567586710144,-0.005937321381889404,-0.011650663790253257,0.006149001875090927,0.009356739075465763,0.008108607652542338,0.32885449887593454,0.0026743807694192905,0.009968682037691617,42.142414270043375,-0.05496884373451394,-0.04037676871179713,-0.01459207502271681,0.18378821016699226
FPRO,0,0.0003120110897656403,-0.011143423661599483,-0.024883987694874654,-0.018392483794494097,-0.004328370525553682,-0.003097482523633177,-0.010425715235636956,0.004311058841148396,0.009170342576756849,0.008106552906345507,2.0758029303864416,0.003564728790977754,0.007817560820782525,43.25610763028808,-0.06105122554732745,-0.04452419490542926,-0.016527030641898185,0.22240739736096163
FPRO,0,0.0041439972195116415,-0.004853168469860836,0.003790645879732768,-0.019995738185423773,0.0007736143332706114,0.0006554075116096403,-0.0053165780570323395,0.005170258678533875,0.0050737692572147275,0.008043350404808807,0.719471484931251,0.01109380477566108,0.009153124602145716,44.06300871397108,-0.058484830537530286,-0.04732308934335423,-0.011161741194176053,0.3505570224821925
FPRO,0,0.0017705712421953734,-0.00519107382077133,0.010492108537819123,-0.013170836192915814,0.0035956063184510167,0.0013848609239444087,-0.002892385035037859,0.005121715419593124,0.004731460671743516,0.008002979750668673,0.3763881432083416,0.013873754152823848,0.008931330273012256,49.44132639925856,-0.052949033291515235,-0.04845045878262383,-0.004498574508891406,0.41617084925764375
FPRO,0,0.005488372093023219,0.009589339643201855,0.013027179006560363,-0.012056110968449607,0.007173016749167038,0.0055787962328393,0.0031938023484268108,0.003033224898187312,0.004908379837277361,0.008044095822923768,1.0376339376952497,0.003475939362700277,0.00693652157031645,43.44871278004947,-0.039082536590736794,-0.04657397061945839,0.007491434028721593,0.6006857985142674
FPRO,0,-0.013049090484560932,-0.0014441656154864368,-0.005535481236183526,-0.01742543859649126,-0.005683785189669499,-0.006994525830544496,-0.009026941929342502,0.0074237792231444865,0.006432700529792602,0.008377439834948194,0.6475054873346384,0.006249246742580161,0.007651494764948624,34.257497042333185,-0.04931689665140482,-0.047123235783186036,-0.0021936608682187816,0.21846552603231964
FPRO,0,0.01069513942515865,0.008920733799421487,-0.002322097378277266,-0.005372376408986024,0.0031678097364737923,0.003860302023078521,0.001842645710931734,0.008926334512707555,0.006943288037763859,0.008761826453226094,0.47792960141049057,0.005242400286190029,0.00798702906399108,55.939217987522376,-0.03921516078723997,-0.04554005287558816,0.0063248920883481954,0.5586106284629733
FPRO,0,-0.0002694072598631303,0.004486334651277346,-0.000388606756458465,-0.003679609855720578,0.001999909698632507,0.0036290116984085685,0.0017580175668991949,0.008855743491325955,0.006908473271951064,0.008752347452082015,0.7767152601310685,0.005111281928945687,0.006790524494648,59.751913433623656,-0.03131760103930503,-0.04269330708394936,0.01137570604464433,0.5565382114980749
FPRO,0,0.0017405748314647251,0.004456256921373303,-0.0007579496580413236,-0.004718409698416859,0.0028508071685018344,0.0054525791448711836,0.003740411046828207,0.008855039381120816,0.006896782078145399,0.008737010774637635,0.45558916791194376,0.0022314734780997775,0.004462068359703186,59.02189977159746,-0.02186534437115384,-0.038525072608923176,0.016659728237769338,0.6233696349668781
FPRO,0,0.004886309513309595,0.0038548123477351037,0.013481117095800021,0.008395031132864661,0.006971696045365627,0.009009455810448097,0.008221689836789503,0.008781191937116389,0.0062212804242181875,0.008596201277611348,0.4965456090442236,0.006802303128181616,0.005127341112799454,58.75591615956729,-0.005972450921881034,-0.03201124536871042,0.026038794446829383,0.762857810256645
FPRO,0,0.016492293648843193,0.03390216357849729,0.032409037624080206,0.010285086188847714,0.016753773176579667,0.022358661084541653,0.024315225623137815,0.006861263718966107,0.007676895763031655,0.008769573344940083,1.3938444096168594,0.022545354068266316,0.008386562577936685,63.84542437174013,0.034651915470398365,-0.018673202647973203,0.05332511811837157,1.1699275145052497
FPRO,0,0.00016406040876959516,0.023129275736122334,0.03225633964735919,0.006569685593617924,0.01226640006152424,0.019269589458659864,0.024140873968028664,0.006947546014988552,0.007683265032781562,0.008735080270565979,1.6198547215496368,0.004532504532504551,0.00824458342719959,65.87446678854361,0.0663159085329319,-0.001669862512444043,0.06798577104537594,1.112685002269344
FPRO,0,-0.00543900543900544,0.01783868317120363,0.022405048124925164,0.02628062360801775,0.003220407175115847,0.011478791651612141,0.017243918005018566,0.008136764362700184,0.008137508125088887,0.006668542498487599,1.0242409199966906,0.004774305555555531,0.008177188152521558,60.097719869706864,0.08080903435425313,0.0148302005221684,0.06597883383208472,0.9107860854018183
FPRO,0,-0.00018229166666672292,0.015884915944892164,0.02041196013289026,0.031118233171893328,-9.89665805485318e-05,0.009252732029156219,0.015499999008119936,0.008288798385024923,0.008173590855737206,0.006520138618789241,0.8375451263537906,0.0054176542598909925,0.008814424308879801,68.24757249488069,0.09090250162612179,0.030047821319145417,0.06085468030697637,0.8647913486743372
FPRO,0,-0.016061955738459144,-0.0052926306919917065,-0.0014582204424001821,0.011549962065426023,-0.015128209139148585,-0.006813809905658275,-0.0013805707196083983,0.011774667255350642,0.009838492095796124,0.007601627734821679,1.9639097744360903,0.010332748016835838,0.009520513286610646,56.2837064879883,0.0695913308137115,0.03795783749492713,0.031633493318784366,0.4662453441555362
FPRO,0,0.017722736457570276,-0.004088558081702054,0.029674994531909027,0.02397524792031036,0.0031519868214944236,0.007852225073816665,0.015109922751752158,0.012235625447085266,0.010146634045642842,0.008462434075892013,1.4822437731110025,0.013330443264332826,0.007677531125823947,64.01990674318509,0.08279826276593738,0.046927114770574846,0.035871147995362535,0.8540095555729335
FPRO,0,-0.014535602037498707,-0.01872571872571882,0.003970444698639275,0.0016391275611367107,-0.007685437479756363,-0.007187476661555392,0.000272815277655436,0.013643315829987466,0.011105261221454707,0.00902050030528479,0.335694706489623,0.022338357044192802,0.0112387016281616,53.98552189913858,0.06649008692001956,0.0508401253031156,0.015649961616903962,0.5063947403467192
FPRO,0,-0.012233747723493504,-0.025429687499999964,-0.00804463646725151,-0.008430117023625505,-0.014785609106720776,-0.01855274108160654,-0.011549117148780486,0.014187475311161187,0.011813500707073696,0.009426215466438598,0.33168242533393366,0.012732641254826425,0.012830368768015776,47.77011324652331,0.03158388074036367,0.04698854873466744,-0.015404667994303775,0.2370154520267888
FPRO,0,-0.004796451427579007,-0.029927330502956262,-0.014517807687558393,-0.01526475357822743,-0.013543340455211772,-0.02185274739512666,-0.015539578931091369,0.01393892047545908,0.01184153004708445,0.009456600645494735,1.849712837295858,0.011634983711022876,0.014073834658242154,43.45938323375516,-0.0044087991980248376,0.03670837951606618,-0.04111717871409102,0.16444410762246844
AIO,0,-0.010526315789473717,-0.03727980335927894,-0.026512013256006606,0.037473684210526326,-0.01002611845985335,-0.023234548401845467,0.027977386154196537,0.00983790594811678,0.009624735546228122,0.011155832531094215,0.9325445237465657,0.026382978723404296,0.019487488516583763,45.73378839590444,-0.0804169315957779,-0.023146141208820907,-0.05727079038695699,0.9005152802253943
AIO,0,0.00042553191489358433,-0.02609776304888145,-0.02811078958247204,0.037473684210526326,-0.004319837370828417,-0.020049185111083223,0.027977386154196537,0.01014389672881295,0.009548967740511638,0.011155832531094215,0.686987765939608,0.011012335176520654,0.01845880393631208,45.9183673469388,-0.09663825563703554,-0.03838057819391111,-0.058257677443124434,0.9005152802253943
AIO,0,0.01743938749468321,0.005887300252312988,-0.014014839241549892,0.037473684210526326,0.011844331641285955,-0.001544433777184051,0.027977386154196537,0.012476359293457664,0.011435243375537406,0.011155832531094215,0.9656513136704551,0.01420986622073564,0.018273863807877207,48.03921568627456,-0.08286589384268339,-0.04753532452469037,-0.03533056931799302,0.9005152802253943
AIO,0,0.011287625418060276,0.02848639455782309,-0.016266775111834053,0.037473684210526326,0.017498107175906386,0.011414475059581042,0.027977386154196537,0.01091769016475553,0.011117891466697005,0.011155832531094215,0.5953179859753548,0.01074824307565116,0.016511947797157096,46.28378378378381,-0.05462536017692443,-0.04898599791585665,-0.0056393622610677804,0.9005152802253943
AIO,0,0.02315006200909453,0.042105263157894646,0.012269938650306678,0.037473684210526326,0.032368399099024,0.03353238401469927,0.027977386154196537,0.01350371057867385,0.0134334283771374,0.011155832531094215,1.1005904638951596,0.027474747474747464,0.017965634134211844,59.38461538461538,0.002980838946047726,-0.038401965566904506,0.04138280451295223,0.9005152802253943
AIO,0,0.0008080808080808133,0.05404255319148943,0.01474805407619817,0.037473684210526326,0.022370810632326155,0.03281491056164798,0.027977386154196537,0.010051780170386373,0.0133962345303195,0.011155832531094215,1.3459663152604302,0.017359709325797324,0.016160980254690448,59.006211180124204,0.04849846917432998,-0.020767742683922355,0.06926621185825234,0.9005152802253943
AIO,0,0.002018570851836987,0.05572096980008512,0.028169014084507005,0.037473684210526326,0.01347488770926919,0.03197372250634056,0.027977386154196537,0.009665611430259471,0.012646129979009489,0.011155832531094215,0.9742142396268666,0.011120064464141812,0.016182526112214678,58.74999999999998,0.08625503092635256,0.0008864680908073778,0.08536856283554518,0.9005152802253943
AIO,0,-0.00725221595487513,0.030100334448160515,0.0361648444070648,0.037473684210526326,0.0002435658033610455,0.020839375233044688,0.018644838562983157,0.011624463544131247,0.011642493638122005,0.011155832531094215,1.0051143484764766,0.01623376623376632,0.016587306114820816,50.81967213114756,0.10248430508262274,0.021395195108456517,0.08108910997416623,0.7654370503063328
AIO,0,-0.0016233766233766378,0.016949152542372836,0.04591836734693877,0.02329450915141451,-0.0046933160705615595,0.01464219426685931,0.015815336333980357,0.011590872630075102,0.010682047416908464,0.010909047202987118,0.7071584552334799,0.00914634146341469,0.016266925792373522,52.542372881355966,0.11114499271969791,0.03947858650795732,0.07166640621174059,0.7212270186040385
AIO,0,0.003658536585365857,-0.002424242424242329,0.03957894736842116,0.011470708725932033,-0.000566709844559532,0.014421299149513178,0.018942676736412034,0.0042485201589845265,0.010523361259684788,0.01041029774110128,0.48167086803103304,0.008752531389226442,0.012522482575269316,54.666666666666686,0.12265854157425338,0.056213362201005514,0.06644517937324787,0.7585772843245038
AIO,0,-0.005670311867152722,-0.008881711748082277,0.04468085106382991,0.016984258492129145,-0.0044606650446067375,0.004336442480772362,0.012308516998948527,0.004719926661084188,0.009873700313371571,0.01015864017984662,0.9231857627136641,0.013234215885947026,0.011697383887299259,57.142857142857146,0.12052852825694416,0.06913742758538687,0.05139110067155729,0.6662800479537446
AIO,0,-0.00040733197556019896,-0.011281224818694646,0.04381114419395993,0.014468788755684026,-0.002601203056413759,-0.00028516723021165813,0.011166508714821166,0.00434221098628807,0.009914605338912391,0.010158605946035643,0.5515263979785081,0.013630806845965853,0.012199532363664067,65.07936507936502,0.11675989142916521,0.07869803932408698,0.03806185210507823,0.6495353166021021
AIO,0,0.00203748981255103,-0.0020292207792208528,0.028010033444815896,0.013602638087386598,-0.00016264129462473242,-0.0009750548468350217,0.012538345926581762,0.003594647483079558,0.008785772287865383,0.010150973949172082,0.6534634973313507,0.011382675884505807,0.011229314293811963,73.16017316017314,0.11596869042276836,0.08617476656534367,0.029793923857424687,0.6659584146973406
AIO,0,-0.0036600244001626647,-0.004065040650406582,0.01281521289789156,-0.0036600244001626647,-0.003011312769593988,-0.005883546358287695,0.009019397883118563,0.00387244804810208,0.00844642180191705,0.00972322598997079,0.934871933528437,0.013877551020408158,0.012175556205210658,67.2811059907834,0.10761773062536051,0.09047375369041441,0.017143976934946098,0.6200688894115247
AIO,0,-0.006938775510204165,-0.014580801944107047,-0.01696969696969708,-0.004907975460122782,-0.007019835115500972,-0.011096207779539236,0.0022657054582904124,0.003713230077760704,0.003977082981220529,0.009764572530190503,0.5442454370965458,0.009453349773941654,0.0123157198821537,69.85645933014347,0.08769611248727571,0.08991714881938681,-0.002221036332111098,0.5302573996352714
AIO,0,-0.004521167283189409,-0.01344195519348279,-0.02220427937020597,-0.0077836952068824905,-0.008839417253233006,-0.013361577317907769,-0.0018750901485649063,0.0035321958670437824,0.003960244616870568,0.009808105502663802,1.1564799841589386,0.015689512799339347,0.012806779264832164,66.21004566210038,0.06320324575413139,0.08456608784053776,-0.021362842086406375,0.4749144601028561
AIO,0,0.019405450041288352,0.006112469437652868,-0.0052377115229652604,0.022783761391880653,0.009155562821875352,0.006317505604238827,0.01634215617667656,0.010661967421424003,0.00789632559131852,0.01040401000359387,1.712318046642667,0.022272174969623366,0.014535052889563665,67.11111111111109,0.07748514681141216,0.08314814430563736,-0.0056629974942251915,0.7148113735087773
AIO,0,-0.006480356419603095,-0.002440016266775036,-0.004464285714285698,0.03153910849453312,0.0031078760121043825,0.0002446582939161779,0.008199584883171296,0.011175714232478692,0.007826421929429821,0.00987499893968625,0.6576244190021108,0.020790868324500673,0.016416691377562638,57.94392523364484,0.07604002458473502,0.0817251110575889,-0.005685086472853873,0.6112185317776673
AIO,0,0.0008153281695881809,0.0020408163265306367,-0.002032520325203291,0.043792517006802756,0.003515369522563816,0.001264325625025542,0.006890328931178802,0.011031531092121693,0.007822752071020744,0.009429586009696076,1.1073586638100652,0.008757637474541745,0.015392708668389357,43.75000000000004,0.07550345006988834,0.08047979221681378,-0.004976342146925439,0.6030013766799468
AIO,0,0.005295315682281032,0.014385532264693746,-0.0004050222762252975,0.03915789473684206,0.005950925246596572,0.006607390488620801,0.010295351740794656,0.010314771481588192,0.007928311787765185,0.00929189350614534,0.80002958422129,0.004931118314424659,0.014488262376485959,47.36842105263159,0.08383848440321628,0.08115195668894255,0.0026865277142737315,0.6636321459553368
AIO,0,-0.0008103727714748876,0.018166804293971994,0.004480651731160856,0.04936170212765956,0.0015433352286573498,0.005340617228586364,0.00708553692851166,0.009765955651562613,0.007688276907682314,0.008847936314828336,0.9243593176220679,0.008921330089213255,0.013134625834460739,45.23809523809524,0.0878986394811676,0.0825019777894109,0.0053966616917567045,0.6361127978646147
AIO,0,0.0008110300081103361,-0.0004050222762252975,0.005704971475142706,0.04976605699702241,0.002437043054427379,0.005582039685450013,0.005500101853737949,0.004242268875836005,0.0076824178912726715,0.00884371544394126,0.9497538001908741,0.01458670988654779,0.011597532817845623,51.31578947368418,0.09155770038906041,0.08431385729498649,0.007243843094073929,0.651341367246867
AIO,0,-0.002431118314424552,0.003668976763147258,0.001220008133387518,0.029264214046822667,-0.000730578780745117,0.0030147478204187728,0.0016273393002441683,0.0028818912674900736,0.007719090132345472,0.008163260671185,0.9551208285385501,0.015024370430544323,0.010444233239054355,50.64935064935064,0.08885368018196615,0.08522211661938472,0.00363156356258143,0.559571373991019
AIO,0,-0.0008123476848090894,0.0020366598778003286,0.004081632653061273,0.016949152542372836,-0.0019474196689387435,0.0017918227724385005,-2.0324790146464267e-05,0.0029615253656895654,0.007614798750088356,0.007839684458045263,0.6783592342141417,0.013410569105690997,0.011374819565284206,46.938775510204096,0.0842053539090486,0.08501871127026975,-0.0008133573612211509,0.49911059324355017
AIO,0,0.003252032520325132,0.0,0.014385532264693746,-0.0028282828282828465,0.0012982797792924217,0.003619210280183749,0.0033743952514533326,0.002148279382451194,0.007188563197521804,0.005881343114210923,0.5681093041941764,0.007698541329011253,0.011928304168201523,54.60992907801415,0.08566725835221689,0.08514844763184728,0.0005188107203696057,0.6509508560363512
AIO,0,-0.001215559157212387,-0.00040551500405516805,0.017753922378199727,-0.004844570044408636,0.00016229814168622347,0.000649508808963084,0.002399251758773424,0.0021937386461916815,0.00695558048777915,0.0058818477997132305,0.940099275556748,0.015415821501014159,0.013227202450561703,53.84615384615383,0.08354360276338824,0.08482742531917482,-0.0012838225557865873,0.6117215030547822
AIO,0,0.006896551724137945,0.005672609400324102,0.0052652895909275355,0.0,0.00591715976331364,0.007019109830811221,0.009312350046765117,0.003863669038562405,0.003878284493112923,0.006077715710782735,1.227358855769035,0.011204673650281969,0.01255079520330854,57.41935483870969,0.09390885965727591,0.08664395364482559,0.00726490601245032,0.9336309186363749
AIO,0,-0.0008058017727639033,0.007311129163281915,0.011006930289441552,0.006493506493506551,0.003642250101173694,0.005106589932722727,0.00817106386438482,0.0035434259348869866,0.0030689440411630887,0.005838105174676404,2.010324353846967,0.031048387096774176,0.015755598536554512,60.13513513513516,0.09941263937969325,0.08919796238059217,0.010214676999101072,0.859517953438715
AIO,0,0.0008064516129031585,0.008943089430894169,0.010997963340122263,0.008943089430894169,0.0026662357598772335,0.004817618719889838,0.008533116619260372,0.003352360974780821,0.0030690366512864022,0.005820357482338059,1.0715095114661681,0.011277195809830836,0.015328923877382477,68.42105263157904,0.10411885386059083,0.09218239456400373,0.011936459296587099,0.8541244058626521
AIO,0,-0.009266720386784888,-0.003646677471636939,-0.003646677471636939,-0.004050222762251976,-0.005902328589909467,-0.004130892596792446,-0.0006096321885795675,0.0057801652301654955,0.00412840510057788,0.0061546402722162715,0.9965986158207794,0.01544936966246453,0.016879089544073134,62.75862068965522,0.08888196844033303,0.09152226441313956,-0.0026402959728065306,0.47450621435917784
AINP,0,0.0003952884807345569,0.0005950479233227668,0.003802083333333206,0.010777604788973827,0.0013316505192717543,0.0023647982320222916,0.004468525386622346,0.001301357117509817,0.0015354281778527522,0.0020587661175568454,0.04812825349759635,0.00039912352473959225,0.0011352870937540985,70.6990372540812,0.015438944137915911,0.010604767080265563,0.004834177057650348,0.859174713432109
AINP,0,0.0023987323836853758,0.004399120175964777,0.0088371158867242,0.010777604788973827,0.002851828692223668,0.0038856349821467795,0.004468525386622346,0.0013022146665623581,0.001241807654353409,0.0020587661175568454,0.00362657600226661,0.0,0.0010952950921544265,73.97285740844015,0.02030854843191321,0.01261629779575706,0.00769225063615615,0.859174713432109
AINP,0,-0.0025880947640851693,0.002802241793434801,0.004611991177060348,0.010777604788973827,-0.0003025032744581324,0.0008274305823297023,0.004468525386622346,0.001921538357056521,0.0016202284949907897,0.0020587661175568454,0.36480238356935873,0.0019960079840319646,0.0010141123815148444,64.34782608695656,0.01980608921280691,0.014095903270830764,0.005710185941976146,0.859174713432109
AINP,0,0.0,0.001079007313271818,0.003404766673342774,0.010777604788973827,-0.0005178953181145252,0.00048766284883772215,0.004468525386622346,0.0018128627720073176,0.0016036175877473136,0.0020587661175568454,0.6183491261690083,0.002395209580838272,0.0014372057703276539,57.731958762886585,0.019177102057721385,0.015135553878658939,0.004041548179062446,0.859174713432109
AINP,0,0.003792415169660668,0.003992812936713719,0.005196881870877412,0.010777604788973827,0.002472592969415821,0.0037607596407138733,0.004468525386622346,0.002438927570482057,0.0018848607849909537,0.0020587661175568454,7.3991505457789835,0.00019884668920258522,0.000997837555762483,66.37168141592926,0.024449714249030308,0.01703255936554872,0.007417154883481589,0.859174713432109
AINP,0,-0.0037780870948498357,-0.00019557052712237954,0.0003993610223642641,0.010777604788973827,-0.0012758153257316218,-7.14519800780744e-05,0.004468525386622346,0.0032055568576357606,0.0023078682801866016,0.0020587661175568454,0.2923007208681861,0.0047904191616766865,0.001876096683149902,63.02521008403389,0.022110242656825818,0.018062945452272026,0.004047297204553792,0.859174713432109
AINP,0,0.0027944111776447844,0.00019908421262204712,0.004599080183963267,0.010777604788973827,0.001475102659171501,0.00226267182002049,0.004468525386622346,0.0032845694715945934,0.00239626994642401,0.0020587661175568454,0.03544596862881287,0.0009474522292992764,0.002065587129009757,64.80000000000035,0.02460319611613926,0.019386252273964694,0.005216943842174564,0.859174713432109
AINP,0,0.00019904458598718477,0.0029940119760478723,0.005804643714971913,0.010777604788973827,0.001075782930910707,0.0018825422814370274,0.004130623705995262,0.002945138144830417,0.0023444649980816214,0.0020587661175568454,0.004755891565672302,0.0,0.001666385532203364,63.33333333333355,0.026565236432571027,0.02083541527518829,0.005729821157382738,0.8523981351094182
AINP,0,0.0011940298507462366,0.004191616766467066,0.005275146864884395,0.010849909584086825,0.0014331780723755294,0.0025511149619845686,0.004787469774990338,0.002932548683357275,0.0023217960603905807,0.0020598977432749834,0.018110452620378137,0.0013913734843967458,0.001465618312915059,62.068965517241615,0.029780022826823682,0.022637634818588062,0.00714238800823562,0.9180378440222471
AINP,0,-0.00039753528125630044,0.0,0.003992812936713719,0.006806806806806787,0.0010350730522712404,0.0017533172994372848,0.004047134512568107,0.0024344408038736503,0.002335443797849691,0.0019363819191381287,0.06883172869665181,0.0015907735136211057,0.001744003677798763,59.29203539823022,0.03124081519975519,0.024368488048923616,0.006872327150831574,0.8414711588341341
AINP,0,0.001789620202823583,0.005588822355289347,0.0053921588192329395,0.009214743589743613,0.001709945520340428,0.003006231459913744,0.005382327661643815,0.0012657520648323714,0.002376328632269008,0.0019489272339976995,0.07418338223602555,0.005125049622866119,0.0018109297700366494,66.08695652173945,0.03510024885278895,0.02652502416356356,0.008575224689225391,0.9307348425690495
AINP,0,-0.0046685192536721765,-0.0018949044585988561,-0.001696197491538931,0.0071259289013858584,-0.0025889627759028144,-0.0015069549315338548,0.00033454336825111675,0.002545179950646458,0.0027790492743681667,0.002162719566247985,0.007374209701944733,0.0011925463856670212,0.0018599486013101984,56.9203115638105,0.02951490725176953,0.027125268439966693,0.0023896388118028362,0.5305467990996202
AINP,0,0.0030950367735038675,0.0009950248756218638,0.003992015968063756,0.008622418287547617,0.00029909539552175346,0.0011847020569866196,0.0030004269232430936,0.002998154510448925,0.0028096883894424803,0.0022324524596769642,0.012561834547644007,0.0015904572564611988,0.002178040052602438,59.04300769011669,0.030269911845934416,0.027756103703756033,0.002513808142178383,0.7937175630229032
AINP,0,0.0005964214711728921,0.0003975352812561894,0.004590818363273463,0.00801121570198271,0.0008160836891437651,0.0013234260739605208,0.003198554979486623,0.0029604209592185384,0.0028065343164636507,0.0022255301446667936,0.22540469996456444,0.000596065964633442,0.0020189785486497774,58.630609896432496,0.03156768873965987,0.02852026834767374,0.003047420391986133,0.8258301741015838
AINP,0,-0.0023842638585336307,-0.0015907735136209133,-0.0015907735136209133,0.003597841295222892,-0.0012523630993678259,-0.0009049759349626374,0.0006271606601468971,0.003167153561535093,0.00266833746762061,0.002275033862913306,1.0793561844276331,0.002987452698665576,0.0022983143856586718,53.36106265933184,0.027921389969908006,0.028400260543267306,-0.0004788705733593003,0.5661723912508017
AINP,0,0.0,-0.003374354902739185,0.0021956087824350767,0.0025958466453674944,-0.0005764450537988353,-0.0011236115996184903,0.0004975587341484733,0.0029645849792433393,0.002346570325122693,0.002267098000079725,0.40870592869805006,0.001194981079466287,0.001512300676978705,49.27028604786938,0.024751721367511692,0.027669421789922405,-0.002917700422410713,0.5534651962195265
AINP,0,-0.002987452698665627,-0.0016911025669659185,-0.003582802547770658,0.0009998000399920048,-0.003225677989725617,-0.003750959232995621,-0.0025410694648649867,0.0024484640785159217,0.0023545651715837683,0.0023499118194016035,1.5396052987293862,0.0031961646024769594,0.001913024320340693,48.56156501726126,0.016542751536878342,0.02544132949465005,-0.008898577957771707,0.21859422411310672
AINP,0,0.0017978425888931504,-0.0029821073558647937,-0.0019900497512438386,0.0038030424339470237,-0.0008367867389224015,-0.0017611997815221159,-0.000936908020255367,0.0020263575477350556,0.002448861394873484,0.002367173118816858,2.671132440178631,0.0013958125623130665,0.0018740953815110661,51.688732774925604,0.013230813535191288,0.022996805363318957,-0.009765991828127669,0.3829544079660263
AINP,0,0.0011964107676969427,-0.0023842638585336307,-0.001987676406281058,0.003276985173640279,0.0008371870515069268,-0.0003679187584415544,9.501002186418361e-05,0.002129715838986699,0.002449011720632838,0.0023521907662426875,0.1259794650094569,0.0004182433778132005,0.001838530864147018,47.03791469194321,0.012698302075150991,0.020935471548780817,-0.008237169473629825,0.5126917648972625
AINP,0,0.0011949810794662508,0.0011949810794662508,-0.0003976933784051173,0.0035935316430424358,0.0017935432443205723,0.0008664752138713983,0.0011106413460886255,0.001918829997529804,0.00248596736479249,0.0023582805853233535,0.2841943660966118,0.0011935548040581316,0.001479751285225529,56.96492953130121,0.01435692682578349,0.019618928145663756,-0.005262001319880267,0.6533633840161389
AINP,0,0.002188183807439792,0.003385779725154414,0.0,0.0053921588192329395,0.003305850957900258,0.003056555028343677,0.003031392612926842,0.002092024450302875,0.002521448301241062,0.0024005127345853713,0.41015772394536265,0.0011909487892019684,0.0014789448271726653,55.88037634408598,0.01958347708988839,0.019611834337520624,-2.835724763223385e-05,0.902469755084717
AINP,0,0.0013656212782848787,0.0077666799840190315,0.006062443164595477,0.004355962572168082,0.003122579126282332,0.0038187806326219764,0.004182434729574913,0.0004340950712272372,0.001932572083059412,0.0023631570367744267,0.024706374244555095,0.0,0.0008397119066772734,57.95709253922499,0.02601983021776988,0.02089395360293251,0.00512587661483737,0.9921866775294921
AINP,0,-0.00037265504828654095,0.005583250249252325,0.0025844930417495693,0.006586826347305452,0.0016334391043413277,0.0031852075238691935,0.00347864638033335,0.0009274529004315905,0.001737668155504715,0.0022748757397648167,0.023520339309812992,0.0,0.0005605493942146601,54.966887417218416,0.03004800283179776,0.022725357773338103,0.007322645058459656,0.8986627653652519
AINP,0,-0.0005948839976205322,0.0037841067516430904,0.0013908205841446364,0.0059880239520957446,0.00028261953377306526,0.0024488393074511006,0.0025824454975096334,0.0011952240826878875,0.0017527746870195193,0.00228330175813125,0.1922452074082097,0.0004246031746031719,0.0005618213535726543,54.515599343185514,0.031720887880467785,0.0245249309906822,0.007195956889785585,0.8011023362681475
AINP,0,-0.004563492063492047,-0.001989258006763528,-0.0007966540529774635,-0.002386160270431481,-0.0038867675182504557,-0.0020464313960131264,-0.0018737001180560986,0.0026071729838227256,0.0021839731159942967,0.002373523193550465,0.04182711459301553,0.0,0.00032311039276102806,42.26804123711335,0.02394380431429255,0.024408681511332013,-0.00046487719703946356,0.2858460120228468
AINP,0,-0.0003986446083317219,-0.004565303691941303,-0.0011949810794662508,0.0009980039920158834,-0.0033736249934418483,-0.002325189070815692,-0.0023212195434429983,0.0021895170120031287,0.0021860377036773777,0.0022140909371709287,2.3066111681712522,0.003589232303090722,0.0008027670955387788,50.227511375568874,0.01682108925211523,0.022890910876586297,-0.006069821624471068,0.2261803265306018
AINP,0,0.0023928215353938853,-0.003544187374129759,0.004194966040751202,0.0005971337579617764,-0.00027841858245158946,-0.00035555286880251114,3.620580653618255e-05,0.002484998163569098,0.0020596174891049364,0.002189598671424458,0.1681877444589309,0.001241296996220485,0.0010510264947828757,48.64572047670666,0.015636438881241332,0.021439823594933394,-0.005803384713692062,0.5042785044313389
AINP,0,-0.0010861348716928454,-0.004255403529645041,0.0013040877367898052,-0.000688557213930352,-0.0005111355090297032,-0.001571148449470039,-0.0010155879319108108,0.002481455235119521,0.0020472215572818445,0.0022032580158568337,2.192496269452142,0.0016847421308999763,0.001387974920962871,44.93905670376276,0.012437509285785353,0.019639169254691006,-0.007201659968905653,0.38065366537734513
AINP,0,-0.00010753673175956102,-0.0037698412698412564,0.0,-0.001987676406281058,0.00013784014845308334,-0.0016785162250604335,-0.001023647348017298,0.002503458183434985,0.002013151216607593,0.0021842749563902673,3.559479553903346,0.0037841067516430535,0.0020598756363708476,50.0,0.009583018945864552,0.017627768081837733,-0.008044749135973181,0.3799366078176234
AINP,0,0.006572395937064268,0.007374925254135967,0.005370996618261348,0.004971167230065632,0.005229420642567151,0.004343677106091182,0.005292005104035047,0.003138479699065721,0.0028931357685897914,0.0026419143870185843,0.38343781892404144,0.0027977839335179525,0.002619432423074438,62.24398931433654,0.01995644689375098,0.018093535542711186,0.0018629113510397928,1.036786693410727
FMAG,0,-0.0036708473539307507,-0.017199758599879322,-0.014225181598062964,0.03660768761439881,-0.004401785168429373,-0.00980165630966412,0.03532038805654891,0.008702267864874458,0.006725163407473601,0.007682494355012062,1.024056042741886,0.015044519496468987,0.00962089254585787,44.85798237022524,-0.047611002617166776,-0.01873521483044347,-0.028875787786723305,1.1351368024341635
FMAG,0,0.011974209395148927,0.010423053341508393,-0.0069297981319673685,0.03660768761439881,0.005429809041547218,0.002756363061084288,0.03532038805654891,0.007697310208230787,0.007783727364527925,0.007682494355012062,0.5747029382149483,0.014866504854368776,0.010435395233469822,53.70065789473684,-0.03474499089259098,-0.022053937205786574,-0.012691053686804402,1.1351368024341635
FMAG,0,0.015473300970873627,0.017016104527499243,0.013014527845036206,0.03660768761439881,0.01751079224174612,0.0169419428543649,0.03532038805654891,0.009500925006539497,0.009134846910652951,0.007682494355012062,0.7383602046081422,0.0071706005377951,0.01041099209581461,59.232440260680654,0.006385697660782341,-0.01620127236242474,0.02258697002320708,1.1351368024341635
FMAG,0,-0.001314610098595681,0.019707138499084786,0.012909090909090981,0.03660768761439881,0.012197485404200847,0.014292216659080648,0.03532038805654891,0.009052601234130911,0.009138119846156647,0.007682494355012062,0.944003346615566,0.005738048225931928,0.010399358299878373,56.11402850712681,0.034951415078985804,-0.0057350566481895885,0.04068647172717539,1.1351368024341635
FMAG,0,0.009992221623885467,0.03273172223921694,0.02352655833131201,0.03660768761439881,0.015729363484288772,0.022020670489153016,0.03532038805654891,0.008473437310392386,0.009501453916736654,0.007682494355012062,0.9173968157791933,0.006975710900473988,0.009959076803007757,62.244897959183724,0.07745771950768443,0.011208730720912139,0.0662489887867723,1.1351368024341635
FMAG,0,0.008886255924170694,0.04574762050967163,0.02776101388050689,0.03660768761439881,0.0156492282735754,0.028238831563249134,0.03532038805654891,0.006287649482249163,0.009704955185469174,0.007682494355012062,1.8870554251669978,0.008661186142102222,0.008682410132134402,64.07766990291273,0.12842672639708752,0.03499512796743011,0.09343159842965741,1.1351368024341635
FMAG,0,0.007339988256018781,0.040958737864077666,0.051808706315144226,0.03660768761439881,0.01493261391738554,0.030528389840690062,0.03532038805654891,0.006078111370368582,0.007257526881707045,0.007682494355012062,1.1643194187451082,0.007263188574759392,0.007161746876212525,69.90595611285276,0.1824572773910731,0.06483154835905869,0.1176257290320144,1.1351368024341635
FMAG,0,-0.009618187117458654,0.015237526142814373,0.03251291400790035,0.03660768761439881,0.0021470366175913025,0.01734699376657911,0.023509390201659652,0.008369481095480384,0.0084431790462842,0.007682494355012062,0.9153815477520827,0.011444967628016469,0.0080166202942568,64.08045977011491,0.20018336182428698,0.09215391540832725,0.10802944641595973,0.899247149506988
FMAG,0,-0.0011771630370805974,0.015377251241548429,0.03538743136058553,0.029733009708737823,-0.0020582181711263914,0.012632546260658906,0.020797930733717163,0.008351739368295126,0.008223596488995646,0.0076597843423265284,0.5942355482267692,0.0038302887448439177,0.007635068398039198,63.641552511415476,0.20883877573933773,0.11566436396556677,0.09317441177377096,0.8376278096471736
FMAG,0,0.014142604596346642,0.01954976303317557,0.05292138268583679,0.03987915407854992,0.0081424638275438,0.02168028115501519,0.03318374881808239,0.009355815080715995,0.008523908216364433,0.008150831168237895,0.685456204423494,0.00958744915746654,0.008157416049437708,66.71891327063742,0.24568586756443977,0.14182307848117068,0.1038627890832691,0.9820874015855884
FMAG,0,-0.0037768739105171756,0.006752789195537234,0.05280933374270802,0.0378329297820823,0.002983502983502806,0.012651499043163872,0.02735416604248453,0.009387465922575135,0.00853622931805015,0.00821065785705656,0.7816869383007002,0.00918635170603668,0.0082624491622246,74.28737638161724,0.2624672074254235,0.16606639007211207,0.09640081735331144,0.8749034803727151
FMAG,0,-0.006707494896471156,-0.007286505392014031,0.033373786407767,0.026212714673094384,-0.0022848438690021844,0.0026021735802848056,0.019134962074176087,0.00925980676149237,0.008922570827986795,0.00840257689176972,0.7535585679943342,0.00836758661186132,0.008483328769644987,67.02190645352289,0.2564445362002843,0.18421056605656916,0.07223397014371513,0.7555513140910639
FMAG,0,0.00998238402818541,0.012360211889346662,0.02778607708395575,0.041162227602905554,0.005201332476185039,0.009845998485231044,0.02721829881899751,0.00907241260372734,0.008234237635818499,0.008496597439829187,1.025927532289959,0.005232558139534876,0.0072408468719486665,72.57525083612036,0.27262447963975944,0.2019469537156767,0.07067752592408275,0.8477512255495652
FMAG,0,-0.0026162790697673577,0.010901591043017245,0.026446478788966665,0.039696969696969786,0.0004082108700722564,0.004596960735513633,0.022530845800798893,0.009239239935773864,0.008315950819763664,0.008530760459293516,0.5672356153574618,0.01136694841154184,0.008748178805288252,72.5752508361205,0.27566588372201295,0.21672647440527032,0.05893940931674263,0.7824239927664519
FMAG,0,-0.003206062372486107,-0.00639163277164434,0.013033175355450455,0.03686635944700467,-0.0015181595235312928,8.772699359615999e-05,0.017408998417363986,0.006481272770170395,0.008063790281552649,0.008593659931998412,0.2882639923358493,0.004412280701754387,0.007713145114145821,72.77808831749587,0.26695884175187246,0.22679241824163482,0.04016642351023764,0.7183800349913322
FMAG,0,0.005555555555555536,0.002916302128900705,0.009688784497944747,0.03771876885938452,0.0034430438842201205,0.004674262342974078,0.021162622894353333,0.0069068207462598214,0.007780584987362626,0.008610211816704618,0.9578444821775182,0.007377144518755511,0.007351303676689587,71.166370633511,0.2707572171016892,0.23559900554743982,0.03515821155424939,0.7614398980095014
FMAG,0,-0.0029078220412911415,0.006752789195537234,-0.0005829204313612113,0.05119558553034964,-0.000815898362375389,0.0018113824938648104,0.015674984005118242,0.006058510676353285,0.007522147214960208,0.007658445302291279,0.7918778505417351,0.006999125109361388,0.0070776113761896004,63.81401617250676,0.2633169549285057,0.2411494665615789,0.022167488366926807,0.7046202684311943
FMAG,0,0.0034995625546805353,0.00029069767441858296,0.012654502648616894,0.04557885141294449,0.002622377622377492,0.004055907326894426,0.01697019133580402,0.0041433439886792295,0.006771166015596258,0.007516259233077149,1.1101721071738269,0.01057541412380125,0.008146182573042875,66.16294349540071,0.26323154432182605,0.24557026025564374,0.01766128406618231,0.728056172130804
FMAG,0,0.009880848590526181,0.01282424948994465,0.023865645256334833,0.06009762050030498,0.009939548942106358,0.011585933861201658,0.024037625647206573,0.00562573129910984,0.007213974220039189,0.007551219673549037,4.501409380407829,0.008920863309352583,0.007656965552605024,66.22950819672133,0.28514721093402073,0.25349192658198993,0.0316552843520308,0.8346573889808967
FMAG,0,-0.003741007194244639,0.012280701754385781,0.005810575246949279,0.05903946160905482,0.003711005450539151,0.0072151751425577615,0.017313727564441495,0.005766240519333715,0.006107048421903032,0.007593891247120387,0.6518414638218304,0.01063258232235697,0.008901025876725541,59.72222222222213,0.2893560803144979,0.26066930653349335,0.028686773781004538,0.7668195481171866
FMAG,0,0.0017331022530329143,0.008432683919744166,0.01137357830271224,0.06478354313785695,0.003762662807525352,0.007817267734155031,0.015927326628838,0.005500048604758782,0.0059141662081050326,0.007442435478443524,0.8781456231251704,0.005767012687427994,0.008578999510460036,56.8773234200743,0.2937758966615931,0.26729398366949236,0.02648191299210073,0.8017411478398816
FMAG,0,-0.006632064590541997,0.004666083406241084,0.011450381679389388,0.04520631067961167,-0.003817014631889326,0.0,0.006991944064447697,0.006449162902751275,0.0059030726672626216,0.007446841776984177,0.5049808395131816,0.011465892597967953,0.00947235300818135,59.0733590733592,0.27663231933529175,0.26916240872589836,0.007469910609393393,0.6662176909288237
FMAG,0,0.0081277213352684,0.009299622202848079,0.009593023255813904,0.037645652823423914,0.002424522311377908,0.007162949859351064,0.013310458717737506,0.00719583121126418,0.0056171156872410095,0.0069224733327571345,0.7108031819348217,0.006046645551396308,0.008566599293700362,63.957597173144904,0.2810931991336716,0.2715493414113958,0.009543857722275784,0.8430011138206792
FMAG,0,0.007486323063633948,0.0069064748201439485,0.019819294666278076,0.04678992401124882,0.008531734593877793,0.012705855112731923,0.01857242664182568,0.006583319870064323,0.005805894817852676,0.006988648928743721,0.7946999474305876,0.005715918833952435,0.007925610398620334,60.919540229885094,0.30098775721037896,0.2774385534980633,0.02354920371231567,1.0222060701475533
FMAG,0,0.005144326950557332,0.015886770652801863,0.028362573099415256,0.041765402843602084,0.01051603263992651,0.01506580466404972,0.02171544774493439,0.006026042237696857,0.005573020042127598,0.006789488712521716,0.5356967850523041,0.006255331248222884,0.007050160183793515,66.54135338345876,0.3267465269769545,0.28730219679240515,0.03944433018454935,1.0771754731809327
FMAG,0,-0.0011373329542223587,0.012975778546712835,0.021517883105554025,0.03141514973576043,0.006763340402361484,0.011750475203041288,0.018969718064740793,0.00632661255675528,0.005609051851630076,0.006627866666807033,0.571928800700321,0.005123825789923134,0.006921522804292543,71.65991902834016,0.34010750690866587,0.2978650138646781,0.04224249304398775,0.969551769512137
FMAG,0,-0.001707941929974477,0.01799709724238019,0.022747156605424257,0.022150976391722477,0.0014849505968359544,0.00775862068965516,0.016109404879179445,0.004706478879727073,0.005500731930597474,0.006521129159222374,0.7752756884673531,0.00969489592244093,0.006567323469187139,65.2968036529681,0.3420777644550981,0.3067087395155343,0.03536902493956379,0.8757493564115916
FMAG,0,-0.002851439977188508,0.0069104520587388585,0.016274338854984194,0.029134785167745703,-0.002737694632977905,0.0032705990360339943,0.011760961708160433,0.004616127794892018,0.0057052339521881205,0.006096603482195081,0.5458241380178397,0.007720903631684187,0.006902175085244715,64.9999999999999,0.3320319509071936,0.31177392041628677,0.020258030490906853,0.7816373431456843
FMAG,0,0.004289390906491164,0.0037153472420690115,0.010647482014388476,0.034767236299351856,0.0007979026558759816,0.006505602842977298,0.014369268539244695,0.003688198668504538,0.005042260330335606,0.00609494693304349,1.208869242013748,0.013097949886104809,0.008378581295675189,70.53571428571415,0.33189036599075905,0.31579755182388597,0.016092814166873082,0.8555347636651583
FMAG,0,-0.017369020501138976,-0.018765993744668807,-0.003177354130560306,0.0026147588611271644,-0.012871853546910672,-0.01066452611662172,-0.0033788662026741356,0.008091860526476403,0.007653097478590746,0.0067540863578667,1.8068679952347355,0.011251811069255317,0.009377877259881675,52.25563909774431,0.280957397021119,0.30882904661144306,-0.027871649590324066,0.4158649396454081
FLTB,0,0.002375822860562371,-1.7910447761226855e-05,0.001976071784645983,0.006507058809418265,0.0011611685164738539,0.0018072727526468046,0.0034336743780079004,0.001750096053013498,0.0016376602712375873,0.0017513325706992344,2.4038354082385283,0.004575206322103295,0.0034119571946391097,61.77357313650075,0.014698000273938305,0.01053042102085091,0.004167579253087396,0.781621914325178
FLTB,0,0.0021572525677078236,0.002937661820354487,0.0067392503858425545,0.006507058809418265,0.0027315636379856567,0.0032941399613006794,0.0034336743780079004,0.0019066329655989004,0.0014134634807555066,0.0017513325706992344,1.5451463233531992,0.0036618180012907026,0.0034671648498663735,65.64514622068596,0.02409195203070169,0.013341638131670637,0.010750313899031054,0.781621914325178
FLTB,0,0.0019222558705258574,0.006067796610169651,0.007876548142229378,0.006507058809418265,0.0034430377330048056,0.004433664154369854,0.0034336743780079004,0.0016730906831355899,0.0014681857189136997,0.0017513325706992344,1.9638608146629914,0.003369385760975808,0.003514122759788342,68.05386620330164,0.036788103029110175,0.018166745818537264,0.01862135721057291,0.781621914325178
FLTB,0,0.00021207310377913124,0.004978592054167175,0.007084414288565322,0.006507058809418265,0.0026587892435663285,0.003937168433661098,0.0034336743780079004,0.0017287370054120776,0.001476561171428467,0.0017513325706992344,0.43140116763969977,0.0033230952145050312,0.003674111712078974,63.13045222099687,0.046676315352300435,0.024000013229992814,0.02267630212230762,0.781621914325178
FLTB,0,0.0011889428316653738,0.007879513265509619,0.006674636381749366,0.006507058809418265,0.002277714540991349,0.004461379081239336,0.0034336743780079004,0.0008813997706414241,0.001454751179760778,0.0017513325706992344,0.41357889401805403,0.0028738248391885733,0.003560666027612682,68.67157936666007,0.05745907059501576,0.030814585116634884,0.026644485478380876,0.781621914325178
FLTB,0,-0.003463631865413097,0.002007996163115422,0.0019900497512437276,0.006507058809418265,-0.0015934845596977665,0.000783334085328713,0.0034336743780079004,0.0022907717559860668,0.0019337195042874846,0.0017513325706992344,0.6806658470943948,0.00304270109235349,0.003254164981662721,65.70121951219511,0.05382079155578623,0.03548310689386128,0.018337684661924952,0.781621914325178
FLTB,0,0.0009930486593843213,0.0008439656456336042,0.0037841067516430904,0.006507058809418265,-0.0007704377140957952,0.0013989782153995822,0.0034336743780079004,0.00212079604508555,0.001913937402976969,0.0017513325706992344,1.613699610053127,0.0029761904761904483,0.00311703947664267,66.0377358490565,0.05362634642381181,0.039154078217671535,0.014472268206140275,0.781621914325178
FLTB,0,-0.0010297619047617834,-0.002104875104797843,0.003950149551346094,0.006507058809418265,-0.0013788830174846778,-2.5819572824992143e-05,0.0020756785761271157,0.0019118331765959461,0.0018994950635631295,0.0017513325706992344,0.5375599837062893,0.003575110083597985,0.0031581843411671055,61.21103682079311,0.04939971148917266,0.04122228067266167,0.00817743081651099,0.6769291718063416
FLTB,0,9.335009662736482e-05,-0.0022233230952145577,0.002744199940256875,0.006277141492484928,-0.0008409534403885921,-0.00020610295060796702,0.0018560664582616404,0.0019027381007485481,0.0018740722073743341,0.001752104905255484,0.43967041398405443,0.0023097027374842194,0.0029555058457629434,58.25055747009959,0.04585404845347796,0.04215552032201334,0.0036985281314646165,0.6654585037237022
FLTB,0,-0.0008500023831842229,-0.004255319148936065,0.0035906642728904536,0.0021293505779524935,-0.0008376995792435116,-0.001412829155648998,0.0008980428872178425,0.0016695893090265704,0.0017929146934646336,0.0016222300449435418,0.4822154712206608,0.00417213277678389,0.0032151674332820067,53.094697751186445,0.03965286715631322,0.04165201753300476,-0.0019991503766915372,0.5801924197055877
FLTB,0,-0.002419002186444086,-0.003211519364448967,-0.0012099719198951364,0.0007637088733798425,-0.002614078264159825,-0.0037081812244542656,-0.0015611703754617734,0.0012811600035483605,0.0018345614378330816,0.0017003735549979177,0.49322823501661,0.005851961512942142,0.003777019517399737,48.967748073446735,0.026002017164671543,0.03850716631937325,-0.01250514915470171,0.3591946694084112
FLTB,0,0.0018231340770658022,-0.002384920634920573,-0.0015429677803703301,0.00518588415926291,-0.0003181180138301931,-0.0017378328372775753,1.0938798515880421e-06,0.0015677980993574147,0.0017910136997303055,0.0016264229746221885,0.48277662950390143,0.004375514620185419,0.004056884346198731,55.99482726768905,0.021440648485118174,0.035080918755194965,-0.01364027027007679,0.5001085317732613
FLTB,0,5.966610845620224e-06,-0.0013505971426927,-0.0034526294091882237,0.00439672393128232,-4.176428239033303e-05,-0.0013864970165786694,-0.00021176856579008252,0.001544668404072233,0.0016404976674948915,0.0016223867027145478,1.9731882426756198,0.003381059305769116,0.004018074190632957,53.19776009431155,0.017659651321586978,0.03158610283547299,-0.01392645151388601,0.4769837538907279
FLTB,0,-0.00020087469993090856,-0.001644397133823694,-0.0038640642029129646,0.0031929754540012123,8.673917212642657e-05,-0.0012002683864485997,-0.000571584780933776,0.0015329586480982767,0.0016300927876896998,0.0016142586049830861,0.3808474161156013,0.0029818977521384993,0.004152513193563813,57.42311770943812,0.013791455980552314,0.028018547645324313,-0.014227091664771999,0.43331589695022726
FLTB,0,-0.00040580863337980055,-0.001200556549393772,-0.0054507669470558184,0.0011874875473203428,-7.880038747498652e-05,-0.001058985302428983,-0.0010363460660298696,0.0015078207189071925,0.0015340874823612028,0.0015822960246453,0.6341489579574601,0.0028477838629562026,0.0038876434107982757,50.02961032808257,0.009155867039531529,0.024238700235961946,-0.015082833196430417,0.376372256829798
FLTB,0,7.96026237015468e-06,0.0012293701918575373,-0.0019860973187686426,0.0,-0.00031631782182361956,-0.0008524071105904252,-0.0010283940532462843,0.0008980788252027057,0.0011433607739833773,0.0015595841398572462,0.8268150872136362,0.0023860696517411764,0.003194465038558082,42.69998641857912,0.005461386955111891,0.020477417276323413,-0.015016030321211522,0.37732086794178665
FLTB,0,-9.154228855723368e-05,-0.0006841713769745184,-0.003067460317460413,0.0007050388368849969,-0.00027099613163972247,-0.0006366676405964444,-0.0011549892154621988,0.0001731020604533701,0.001066673730655211,0.0015485483965770018,0.7878052326500168,0.0031843711066086963,0.0029562363358427383,33.78357397919491,0.0021797613962988294,0.01681335020498426,-0.01463358880868543,0.3604503230077444
FLTB,0,0.0007881318488855982,9.745406234284992e-05,-0.0012532747015280288,0.00269192422731801,0.0004974134500597138,0.00027650081259400494,-0.0005018857986195391,0.0004562649695210071,0.0010845043822838758,0.0015289192264295762,0.8697022316547688,0.0027841304563985397,0.002836850565968623,36.62704309063818,0.0024876947366152535,0.013945378810013374,-0.01145768407339812,0.4354507566932139
FLTB,0,0.0002585263995227294,0.0005569922418937612,-0.0010883208083760643,0.0016528925619834212,0.0006445760122231192,0.0006441778694861178,-0.0003259504237355104,0.000446934637463987,0.0010894438869103863,0.0015048805877924444,1.1231013941303059,0.002779434569963041,0.002796357929533531,31.869009584664724,0.003656452686222167,0.01188596194711615,-0.008229509260893983,0.4569631659718807
FLTB,0,0.0009344307924767925,0.0018985225753040957,0.0006956867421983315,0.004288848992619165,0.0011995701275220316,0.001509475399608995,0.0003944349892648358,0.00046083766084502683,0.0011005513323158174,0.0014555131332683483,0.19961620011272443,0.0019644453272420386,0.0026196902223906983,49.49799196787122,0.008008139349712451,0.011109905543452453,-0.003101766193740002,0.5584275269770528
FLTB,0,0.0022186910318799935,0.004113432835820774,0.00534785995939302,0.004131417279115368,0.0025966686815290796,0.0031958829297622504,0.002407245935425628,0.0008826940245106414,0.0008926231743794998,0.0014436110281520179,0.6963587038021621,0.0035317410770027355,0.00284882450744301,55.06521350723597,0.019635500243026627,0.012815889520012034,0.006819610723014593,0.8450621294479814
FLTB,0,-0.0002318819899042035,0.00397250295549445,0.0032856137057029056,0.0017375763292457602,0.0015697115947801432,0.00263393893523034,0.0020877075552685476,0.0009204163092589143,0.000793922439442016,0.001370760979046082,1.9411541291808105,0.0017841213202498445,0.00256877455017124,59.32627526467737,0.027626665549107088,0.015779246806356718,0.01184741874275037,0.7885310400468039
FLTB,0,-0.0003964714045000539,0.0027841304563984703,0.0028818558435643737,-0.0005807235458624715,0.0006163439492923306,0.0019478621502544424,0.0017195606379536432,0.0010635082875082751,0.0008217909261699683,0.001303855230423134,1.650872556284963,0.001388200297471498,0.0022895885183858316,56.75018698578858,0.03205541998050876,0.019035538168150144,0.013019881812358615,0.7422136611120494
FLTB,0,-0.0004957858205254517,0.0020279136347369775,0.00258603540879232,-0.0012880214009710622,-0.000284442878752289,0.0011924917714492,0.0012875683989670428,0.0011650278029583978,0.000846217460723916,0.0013065932362729806,0.7897935933094445,0.004251984126984157,0.002584098429790055,58.70406189555085,0.03326330210915529,0.021881829895931005,0.011381472213224286,0.689280836434207
FLTB,0,0.0,0.0010924620121164352,0.002993058651213021,-0.002474022761009387,-0.0005025251193150337,0.0008934562817086711,0.0014119113178221454,0.001133550127983887,0.0008201424452279708,0.0012732255960942827,0.9798644275726527,0.0029960317460316715,0.002790415713547981,76.77713129268923,0.03382611951895598,0.02427118406998287,0.009554935448973106,0.7371585062583116
FLTB,0,9.920634920645988e-05,-0.0010246409297476333,0.003084577114427889,0.0010923535253226646,-0.00019835366458409442,0.0006847260430757895,0.0014565376207316127,0.0002532325194051961,0.0008170438510804824,0.0010014823567980518,1.3591359679308388,0.0021763713917270842,0.0025193417764928514,70.27202072538866,0.03425867353430334,0.02626901390926611,0.00798965962503723,0.7389209945779409
FLTB,0,0.0016188870151772061,0.0008246605213599878,0.004800439443212845,0.001718253968254091,0.0012549748806702787,0.0018249960362841655,0.002991495950613432,0.0008510624472150351,0.0008989592260756399,0.0010413178049893804,0.6857153281120787,0.0027710323135247223,0.0027167239751478265,76.46757241732932,0.04043748192530927,0.02910308422503531,0.01133439770027396,0.9537842129192636
FLTB,0,-0.005280609112120915,-0.004065443728309304,-0.0012926319976135359,-0.0025442866761606897,-0.0032217650953748622,-0.0033366985438832986,-0.002177942350641837,0.0026204632662321405,0.0020185873651320653,0.0015770998865076748,0.8529889459904975,0.003582238152130695,0.003155531546079666,46.13362202288871,0.024378706717712362,0.02815810823648758,-0.003779401518775219,0.1844010404376778
FLTB,0,0.0004978096375944929,-0.0030753968253968145,-0.0010537198298143924,-0.0021408938529735577,-0.002111563311547826,-0.0027356541901278897,-0.0015742915067246122,0.0026872290277169977,0.0020250795593005164,0.0015826465346678786,1.7885969959167258,0.0022051945467210184,0.0027461736300270385,49.64680589680564,0.013448939919825875,0.02521602428833285,-0.011767084368506976,0.2765613390943623
FLTB,0,0.004577569907453505,0.0014880952380953438,0.0025821829377297156,0.0032796660703637848,0.00215779115885395,0.0015709633118454747,0.002831670804982256,0.0035797932545647733,0.00250370660873501,0.0018848366677718584,1.0163549613451381,0.0033680039623576363,0.0028205680732922315,62.77247956403256,0.02246582864311364,0.024665947723017882,-0.0022001190799042433,0.8761772641044414
FLSW,0,-0.033033041018086684,-0.06697950795487506,-0.053016296280864905,-0.01027859653321761,-0.03247631575026544,-0.045495873365173245,-0.0006468215851119785,0.012339443728969692,0.01292577068627465,0.011901129991471195,0.4312844302696434,0.012649351720724338,0.02497389867251909,25.957703367034554,-0.1802726788104394,-0.05559472189443291,-0.1246779569160065,0.49060225517336187
FLSW,0,0.014805241231387045,-0.03509629714847495,-0.04351420840374465,-0.01027859653321761,-0.011088571910916278,-0.027076833034764602,-0.0006468215851119785,0.017117025775204225,0.014135843532808563,0.011901129991471195,1.6047337278106508,0.013925357482542484,0.024470800363922775,34.17580605260987,-0.2176930864488682,-0.08919665782189695,-0.12849642862697125,0.49060225517336187
FLSW,0,0.01612024745352114,-0.013189473684210418,-0.02695044294633253,-0.01027859653321761,0.007559355205863039,-0.008678700899276248,-0.0006468215851119785,0.020028068020867967,0.015554142522766344,0.011901129991471195,0.5396749521988528,0.007733580807919163,0.023254358630769772,43.793619627131164,-0.20727080695470335,-0.11349543749265051,-0.09377536946205284,0.49060225517336187
FLSW,0,-0.009298964233522167,-0.014881481147560494,-0.03607133312402866,-0.01027859653321761,0.0012095333217267967,-0.014274278306105948,-0.0006468215851119785,0.02015063336970069,0.0156559009038468,0.011901129991471195,1.1856566149956183,0.004242249684388526,0.022493211444238846,36.6291123889998,-0.21832929521534794,-0.13494521508914373,-0.08338408012620421,0.49060225517336187
FLSW,0,0.009598897445767252,-0.0026882721137635457,-0.023796881913536794,-0.01027859653321761,0.01137117432924395,-0.00239223505079178,-0.0006468215851119785,0.020905713425989098,0.01620250340339239,0.011901129991471195,0.6786355475763016,0.005598999645396711,0.008829907868194242,41.64347225076124,-0.20163447064619078,-0.14852774734945834,-0.05310672329673244,0.49060225517336187
FLSW,0,0.007022745269511743,0.038624520493324876,-0.030942038839186115,-0.01027859653321761,0.010816808471462602,0.007846613462895169,-0.0006468215851119785,0.010178428251351212,0.015505554538673463,0.011901129991471195,1.289560560487125,0.004792150404685306,0.007258467604986435,42.52387172741158,-0.16945502002873525,-0.15277440263787204,-0.01668061739086321,0.49060225517336187
FLSW,0,0.004445315209649969,0.028021428629494416,-0.008058316904685947,-0.01027859653321761,0.009721409724177787,0.013160024163297868,-0.0006468215851119785,0.009380843852707235,0.014604229405312353,0.011901129991471195,0.5765541333791484,0.0076440508197585305,0.006002206272429644,44.607578538270594,-0.13166348770611336,-0.1485029734255777,0.016839485719464337,0.49060225517336187
FLSW,0,0.002794032368601318,0.014539131918887893,0.0011578947368420245,-0.01027859653321761,0.009612603226280436,0.01587145610556262,0.002667172691525055,0.007298723222362195,0.01449345252462692,0.011901129991471195,1.0624084130678388,0.006300599306066638,0.00571560997205914,45.61642141708912,-0.09387379360472181,-0.1374754262915353,0.043601632686813496,0.5392885527925199
FLSW,0,0.004889075806960408,0.029068562399562792,0.013754497988666348,0.0024306912130642733,0.008766745053005787,0.019426161467184233,0.007446221332219061,0.002627500217622829,0.014282303440155297,0.011824764924356643,0.26471518987341774,0.006539366989275439,0.0061750334330365215,48.332634960541924,-0.051021880544880105,-0.12005618583393236,0.06903430528905226,0.6093927266628877
FLSW,0,-0.0058645043159820665,0.013306955823892741,0.0105829109918687,-0.013279747022766353,0.0002163295662513942,0.012373309494692286,0.0022134990214088823,0.004996868483827841,0.014417789679933273,0.01166466382056919,0.2819811374897174,0.0026048655731494602,0.005576206618587072,41.01024700279799,-0.03241501602252583,-0.10242386904437313,0.0700088530218473,0.5332050063211146
FLSW,0,-0.0069305211309852455,-0.000733384343700294,0.03786280953101162,-0.017160832677975302,-0.006570850104390069,0.0016831665825349784,-0.003866830690035683,0.00578373082001575,0.008816926283986974,0.011739950598740284,0.6759484208559148,0.004175675102802022,0.005452911558210415,44.89067380633648,-0.035688808911700676,-0.08901352847501003,0.05332471956330935,0.44118684787543955
FLSW,0,0.004994382975115563,-0.00018714745110448572,0.027829037039445614,-0.016896129881708855,-0.001571966975005945,0.0039495332129222405,0.001970212895787693,0.005896509806278744,0.007954792985252911,0.011746804480939229,3.531246735025896,0.012918227619170514,0.006507746918092812,49.29091841970242,-0.02471318465533301,-0.07610469150383822,0.051391506848505214,0.5310131901904813
FLSW,0,0.008149028892011634,0.005151929344969108,0.019765965844240396,-0.007717178636856614,0.00552671561422069,0.010149039248939395,0.010532235225161335,0.006931665155903604,0.00678210160076777,0.011914359411602177,0.6848833633528094,0.0044116108786611185,0.0061299492326117085,55.402726399476805,0.005824327799160756,-0.05966921446185409,0.06549354226101484,0.6697382306432957
FLSW,0,0.004547594142259248,0.00481035835731114,0.034018750958947575,-0.0032796838633846193,0.009123483578780345,0.011366382866912605,0.015297293189860062,0.006885883286720789,0.005519443649635953,0.011964021372386892,0.33563529241319356,0.0033763819867287546,0.005497352232102371,58.120605242479826,0.04187569296230009,-0.03931100985865163,0.08118670282095172,0.7495884730282238
FLSW,0,-0.014229224317239275,-0.003644180625062554,0.009614282248238348,-0.014411389604643277,-0.004511171458690955,-0.003970199567365662,0.0015832862526530267,0.009488514936834308,0.007364153394652691,0.012363311872064839,1.5258891792532223,0.0037684228872932007,0.005730063694931119,67.59536976286446,0.03041350290126843,-0.025339081667082673,0.0557525845683511,0.5265682897598933
FLSW,0,0.0007790362661188599,0.004090889821526833,0.0033545052832795186,-0.02769132878866798,-0.004543761482204589,-0.0035263421253921567,0.0037963392773776583,0.008824850713339097,0.007053182153151228,0.011851867794658173,1.1547638699221154,0.0031664942686453063,0.005528227528099776,63.208024050868694,0.023243192205505636,-0.015607568104712881,0.038850760310218516,0.5727262161829013
FLSW,0,-0.008341073652656683,-0.009232578188231755,-0.009417997785861165,-0.017400421479781047,-0.011027443871984288,-0.010908752110135977,-0.003698283678241321,0.009262775309175167,0.007381133438917759,0.011262655938631199,1.3814938193431159,0.012240325486220343,0.005392647101509742,51.176757952814704,-0.005582518774751577,-0.013600073080251174,0.008017554305499597,0.42733872863652894
FLSW,0,0.006729518077098096,-0.010627615062761664,-0.005530438439701357,-0.004378947368421149,-0.0022379600859316895,-0.0037009396394493965,0.003227630126103387,0.008895346957958425,0.007699293217888591,0.011301568580642483,0.8589000028018268,0.008458090163241148,0.006201942958425748,60.09869684701989,-0.009535162707138056,-0.012786285069018475,0.0032511223618804184,0.5638897142554541
FLSW,0,-0.0033198003890720917,-0.018376160712658685,-0.013654198273607032,-8.750692763181966e-05,-0.0018339065173565983,-0.005641589011532666,-9.851050263820493e-05,0.008083663896185308,0.007492428456248759,0.011193332734287222,0.5085507325309079,0.003733955659276512,0.0062734576929353,53.19209666677234,-0.021758689289434585,-0.014582188774608158,-0.007176500514826427,0.4980500336985586
FLSW,0,0.0011138220006365884,-0.003097659458160429,-0.006730551652642469,0.003781130510160269,-0.00010118181418472538,-0.003862112350632163,0.0008265103698221754,0.005609857421391122,0.007348682230887291,0.011175766606732456,2.557778811850473,0.01046357615894048,0.007612488347264755,49.657195483848966,-0.027951266750129378,-0.017257700176529684,-0.010693566573599694,0.5163831152869388
FLSW,0,0.00044768211920520606,-0.0034277300458086524,0.0006491373097630149,0.03853652500309357,0.0010353097341380124,-0.0034805842188714298,-0.0005820493031086782,0.005591306562202367,0.007010745928185373,0.007978200997642659,0.9795827398083277,0.0066195531007310635,0.008303100113681907,46.92343654475484,-0.03121200752061526,-0.020049977498155905,-0.011162030022459354,0.48443892580965475
FLSW,0,0.008713979701802321,0.013711825484889806,0.004352651795765272,0.03230281894325526,0.00700749916073895,0.004765356061877002,0.006539228767322269,0.0049047171445863805,0.007388528184854784,0.00756615620761393,1.496172432964119,0.01091978160436783,0.008038991337311405,50.86557027764831,-0.008771036333996562,-0.017793273837564075,0.009022237503567513,0.712392547662232
FLSW,0,0.020949706005880087,0.028030639431616544,0.017105125523012576,0.03720919069410211,0.022372052677233967,0.02404824762451918,0.025735222853682904,0.009637732687024175,0.009635919217528328,0.0081108132975628,0.32891800994808273,0.013217943081341362,0.008990961920931448,59.18305262866794,0.06890109652086807,-0.0004487711529525182,0.06934986767382058,1.1744162177114472
FLSW,0,-0.01542650427699832,0.015543120823167555,-0.003118662775713932,0.030793995170941724,0.0035083655178089757,0.008568888888888848,0.008390549003152392,0.013269532620711977,0.01096729117347912,0.00865216213716362,0.42729211087420044,0.004593396894038471,0.009162850167883839,53.61124332990956,0.0835580258293831,0.01635695125849872,0.06720107457088438,0.7472676326752968
FLSW,0,-0.0003447006196776181,0.014063576158940494,0.010922352531075763,0.020641645359362526,0.00037892250120230564,0.007124157230800066,0.007016461622539438,0.01334158762487187,0.009821041057537344,0.008448800906304257,0.462559848251117,0.008098033222834236,0.008689741580662592,57.196311639716704,0.0930655187875189,0.0317018517754527,0.0613636670120662,0.7157168650916363
FLSW,0,-0.015958349986546883,-0.0025657387818432964,-0.005984674167739734,-0.002650244505574495,-0.01508666557551408,-0.00835618519073289,-0.008923372964997567,0.015864542602173532,0.011214849883946018,0.00912988463582803,0.47165419188482616,0.026270241571542417,0.012619879274824861,46.86711976752563,0.0529323692265109,0.03594866088785996,0.01698370833865094,0.22999943906069045
FLSW,0,-0.0012290947703743615,-0.012397627047458948,0.0011442043389293666,-0.008284569560862542,-0.01386171727401786,-0.009687108220657659,-0.009732070958010985,0.015035979326262184,0.01088611045634463,0.009069395272860043,2.1021230103472655,0.005177587531263558,0.011471440460204005,42.10094588705745,0.017375275638556786,0.03223349000708494,-0.014858214368528154,0.21596741578062154
FLSW,0,-0.012502757570361234,-0.04475743107566443,-0.017981371056415396,-0.02341236463042784,-0.017222862947170126,-0.02031447353501903,-0.02096555053477145,0.007701404068087932,0.011289418591054057,0.009425915819033482,0.9616819331039914,0.008343807952456504,0.010496613434427034,34.98427672955977,-0.046708322070813324,0.016443448506287893,-0.06315177057710122,-0.029995483038278297
FLSW,0,-0.013441605456312122,-0.0428316633632857,-0.027954280258830955,-0.041226785247188036,-0.0219461014890453,-0.030789070579341438,-0.032115429277148944,0.007335747649069478,0.011883366619859457,0.009695981231767537,0.8510596333441812,0.01032905093318852,0.011643744242257045,35.382131842713946,-0.13472912217464028,-0.013793637916731943,-0.12093548425790834,-0.15058705891405055
FLSW,0,-0.006094849388468826,-0.048337421533976466,-0.03495364238410592,-0.04144893674123418,-0.018212011551683505,-0.033323480072620426,-0.036009563034927305,0.006034686117666217,0.011840306158555998,0.00970087607498485,1.2500427979593933,0.011391553780486107,0.012302448353787418,33.12386345326061,-0.21931911398586834,-0.05490153078877635,-0.164417583197092,-0.10141847246842624
AIFD,0,-0.012117793843682167,-0.005375788988236652,0.015338996746699252,0.07705882563078492,-0.003154722114719344,-0.001675389052973486,0.05357632936924661,0.016043917116748376,0.011523789091987605,0.011567119188793886,0.31986293611236977,0.016020761245674774,0.0116082341224661,63.692902212963766,0.06807686847104222,0.05799450321684055,0.01008236525420167,1.017957999508233
AIFD,0,0.010861591695501716,0.022015350923224375,0.01376608414419156,0.07705882563078492,0.0033169261456755805,0.007786969650033226,0.05357632936924661,0.014055244350229352,0.011369395891100717,0.011567119188793886,0.895954561906618,0.018997805839001288,0.013098859709569047,66.83580607798794,0.07796969087925731,0.0621352296073662,0.015834461271891115,1.017957999508233
AIFD,0,0.023119131646236912,0.022968560691623674,0.03515236733011706,0.07705882563078492,0.021802612785514874,0.027488452086255943,0.05357632936924661,0.0143589497821328,0.013287268020585549,0.011567119188793886,0.5071022134420345,0.009314370025393629,0.012571442731630338,69.35660593706199,0.1254590962150921,0.0751668092876114,0.05029228692748071,1.017957999508233
AIFD,0,0.0039545924461261706,0.03474137931034482,0.040121317157712166,0.07705882563078492,0.018825221437243966,0.02746339549302812,0.05357632936924661,0.012773248048617522,0.013197799009049226,0.011567119188793886,0.8284428794992175,0.0059985003749062635,0.012184935910059865,68.47954289308831,0.16743420464990422,0.09404539634832962,0.0733888083015746,1.017957999508233
AIFD,0,0.014909605931850312,0.04103300346955163,0.05270998963014173,0.07705882563078492,0.025655101249043577,0.037366079533590835,0.05357632936924661,0.013280669329194994,0.013621656955838344,0.011567119188793886,0.3545926414499154,0.005907095409934032,0.011247706578981997,74.11776103858352,0.22573340169665812,0.12086615729399815,0.10486724440265997,1.017957999508233
AIFD,0,0.001480878282312581,0.05536332179930792,0.04968991127539035,0.07705882563078492,0.016222238807561684,0.03381805276810712,0.05357632936924661,0.008693935587649755,0.013672507892602577,0.011567119188793886,0.5594461034327846,0.011803278688524571,0.010404210067551958,72.02617801047117,0.27068435599505136,0.15126793279360537,0.11941642320144599,1.017957999508233
AIFD,0,0.008193442622950853,0.05257771129496591,0.07575057898308879,0.07705882563078492,0.014168056273812235,0.03469451344299679,0.05357632936924661,0.008775709673957063,0.01147424257210103,0.011567119188793886,0.929294002070998,0.005853677572935187,0.007775384414338738,73.37021531100474,0.31835333199661164,0.1850747790345478,0.13327855296206384,1.017957999508233
AIFD,0,-0.019509006533354634,0.008722184862141269,0.03189108158613463,0.07705882563078492,-0.007324398484679917,0.011337716355829919,0.02921871717018454,0.012957194611286835,0.012979775069619363,0.011567119188793886,1.4692471626108936,0.01625207296849083,0.009162925002958176,64.16615813791296,0.3116791283075102,0.2106313668061503,0.10104776150135991,0.7935621512253078
AIFD,0,0.006965174129353269,0.01174706323419139,0.04689655172413798,0.07014451885794859,-0.002725096376962055,0.013757179110458262,0.032879135280119876,0.013150513899889157,0.012450937551752892,0.01137009437651209,0.7289656503280586,0.008069828722002667,0.009577190672377457,65.15344184469308,0.3168841362060597,0.23203988768841693,0.08484424851764277,0.8300850226979878
AIFD,0,0.022397891963109373,0.019212015143704297,0.06103334529730464,0.0854133592564359,0.015707471012742946,0.03032043164584053,0.0516438796375962,0.015197323158636927,0.013639313787154618,0.012104681566259058,1.0113789680014256,0.01256443298969074,0.010908658188328799,68.81377792951704,0.3633619742992096,0.25846026338137196,0.10490171091783762,0.980350292810261
AIFD,0,-0.012886597938144284,0.00459016393442635,0.06020761245674744,0.07647013357504728,0.001700668040190978,0.011202766946474707,0.034278186738859295,0.017019477612971897,0.01375462441174374,0.012551327061299163,1.6314813977668279,0.014033942558746727,0.01135479096237323,69.76118140214591,0.36767268097110417,0.28040638452624195,0.08726629644486222,0.8210817564105013
AIFD,0,0.0,-0.003573995362586513,0.048815803436035754,0.06325389003789406,0.0024209906431984507,0.006465820236795539,0.03110598399867537,0.01654543516787277,0.013752412723121063,0.01240663964467476,0.47467876039304613,0.004703002610966112,0.011124655969979415,65.56601707904532,0.3667016505494196,0.29773088785395524,0.06897076269546437,0.7896751140801918
AIFD,0,0.00881201044386426,0.025207296849087957,0.034149344414221794,0.07050214204327032,0.006250406927534424,0.011941962787643146,0.03664129561716378,0.012903427059926179,0.01231072109715752,0.01246681195804004,0.7822729132569558,0.007110967324490435,0.009296434841179337,70.67636615571143,0.38060675797982313,0.3143563091317405,0.06625044884808262,0.8353735666922736
AIFD,0,-0.009705596894209023,0.008234519104084237,0.02007831375489455,0.06100519930675907,-0.005135205408216326,0.00014768596996361794,0.02355925090577138,0.014359031419091459,0.012985643652739713,0.012782319747856326,1.3113508983290556,0.016171185886965075,0.010916706274171817,64.53058336727909,0.36572871410782426,0.3246556925079364,0.04107302159988785,0.7203545132250884
AIFD,0,-0.000653381247958218,-0.01449742268041232,0.004436067759211237,0.057379882474939414,-0.002868505117673781,-0.0009467980491846273,0.02005938953163633,0.008612140982559071,0.012183102105701591,0.012809058065313992,0.8193644590703414,0.00974501471068982,0.010352822618371633,69.51591297519516,0.3484350368681213,0.3294207783965548,0.01901425847156646,0.6931424847810669
AIFD,0,0.0035959463877084374,0.001958224543080922,0.006557377049180246,0.056573123808343784,0.0003258390355165286,0.0019912536281385673,0.020929384941591023,0.006789112863257277,0.012220143183465882,0.01280550931557741,1.4754896279986094,0.010745928338762282,0.009695219774374745,68.00940400882232,0.33881940016363643,0.33130341599054247,0.007515984173093959,0.7065854838573401
AIFD,0,0.009446254071661109,0.011422976501305415,0.007808155473676193,0.08415020675468621,0.007477243172951731,0.010664318559827857,0.02646790043758207,0.00787419071007084,0.012311344499017106,0.01205903558252611,0.6607773851590106,0.0023265569538561633,0.009219930642952755,64.71327362652052,0.3484430840644528,0.3347355984414026,0.013707485623050186,0.7844908318397128
AIFD,0,-0.00016134236850595673,0.002426399223552256,0.027694859038142727,0.06046915963337929,0.0068237205523964395,0.007756980469321606,0.023308040985163148,0.006991818794177562,0.010073990940218713,0.011310456952210878,3.0401722757937266,0.015491366790382457,0.01089601053613116,63.474209467096735,0.35155668495334425,0.33810315080611625,0.013453534147227997,0.7578340313854848
AIFD,0,0.012425367113119368,0.02482848742241095,0.033267457180500726,0.0817241379310345,0.014324053416108873,0.01693816354647848,0.031984275151943686,0.005819207198933394,0.010466307757919218,0.011215715916323506,0.6294766362223823,0.006691106152374915,0.008999994589213127,62.83486212796996,0.3782625869623608,0.3461414065997286,0.03212118036263223,0.8706749595593501
AIFD,0,-0.001434491552438688,0.024027459954233388,0.009181701030927858,0.0707754362576698,0.008077492437407408,0.014542039124239015,0.027006248099464614,0.006013820710938977,0.008083382424190655,0.011219033807466687,1.7639613184142575,0.08195371109337589,0.023441733865750342,61.57147666068221,0.39143424224416634,0.3552057189190923,0.036228523325074036,0.8275933151609745
AIFD,0,0.0012769353551476126,0.021661237785016274,0.023661879895561233,0.08529411764705874,0.005062966642099376,0.013457841252403124,0.024179150533763405,0.00621353069315492,0.006470786241995209,0.010622551922235001,1.5231734137004154,0.00589829427706049,0.022472207053409982,59.16718829175233,0.40019456982525625,0.36420805382642457,0.03598651599883168,0.8476852249590214
AIFD,0,-0.010840108401083959,0.0011293965795418082,0.012565274151435935,0.06199446154056809,-0.0060549753315819466,0.001226320715138396,0.010090157668480648,0.008295952713735807,0.007701124207726387,0.011002954459667213,0.40492162807198606,0.017405318291700216,0.025487959320978793,64.1357027463651,0.37698608159519864,0.36676469647764864,0.010221385117549997,0.6833552116018844
AIFD,0,0.0117647058823529,0.013070840729385136,0.015528955030734481,0.05020860307869368,0.0030356286946797706,0.0114386982439183,0.01948303863106715,0.009736354612910723,0.00806993420414224,0.010175833384183224,0.5454341341373449,0.00923861102261864,0.02423740816742603,65.84615384615387,0.38193941540285437,0.369800625477978,0.01213878992487638,0.8740857803184263
AIFD,0,0.007002230009557131,0.007644246094995255,0.03266252858542962,0.05339665083729073,0.008513554558982284,0.015250371125981266,0.023957385481093052,0.008610509485230776,0.007153256342102194,0.010221453469743434,0.42892668190997546,0.005052230637334018,0.023909633064417853,60.21220159151195,0.3980227802044496,0.3754465221818583,0.022576258022591278,0.9664909318986168
AIFD,0,0.0040145777575308905,0.013142857142857123,0.03748610657077478,0.04208846523876297,0.00990921327720029,0.015585774560675114,0.025938181282148642,0.008481597322478508,0.007021899150194936,0.009816206343624278,0.6068383144300025,0.004745294879429832,0.008467949821628639,71.78845313307104,0.41565685563318056,0.3834902594910012,0.03216659614217937,0.9686556905470366
AIFD,0,0.011604861248964093,0.023593177108241603,0.04576547231270345,0.052622950819672054,0.016840178251877447,0.022773067347559683,0.03515863673105879,0.00928509269930381,0.007451182323462044,0.010040568696789938,0.610673757016492,0.006852515184550548,0.008658794003126651,75.38994800693236,0.4527199879282833,0.3973385061130954,0.05538148181518787,1.0580563389392046
AIFD,0,-0.0014016508332034272,0.033360193392425685,0.03452726686027763,0.042605016601680035,0.008801049706893993,0.01786987076608537,0.031529042320522116,0.005536140115430233,0.007442312784152553,0.009989117918634818,0.9441641161386384,0.021210230817217707,0.009419776508230148,71.61654135338355,0.47309533966756234,0.4124918870538065,0.060603452613755826,0.9565386672833057
AIFD,0,0.005458515283842669,0.0269194010831475,0.040342101016620946,0.06915422885572142,0.008942292945385288,0.019380402660793106,0.0336924079645784,0.004723135845526842,0.00735304933263796,0.00860613775793811,0.6904921325744895,0.009678920428106022,0.009507838389327627,82.05128205128219,0.49702925064621795,0.4294011578743819,0.06762809277183607,0.9786250092452874
AIFD,0,-0.001551109042965626,0.018196888306791115,0.025980235894166537,0.06011198945981566,0.003763058899699745,0.015182794410107503,0.029077802726249047,0.005460106640305251,0.006884274082953817,0.008630276514743577,1.6444327533726655,0.030138263166071114,0.014525044895075046,81.0916179337234,0.5062241087812325,0.44476705524173354,0.06145705353949893,0.9087700025486846
AIFD,0,-0.02252602143855842,-0.0087186128362432,0.004309656823623387,0.013530927835051498,-0.01715142616139209,-0.008107601092784078,0.005221817403342044,0.012865618838154664,0.010523246535686601,0.009135795331590136,2.145231492534572,0.019373808010171665,0.01745074752122341,61.94968553459126,0.4517388808224716,0.4461615152599123,0.005577365562559278,0.5736466565294174
AIEQ,0,-0.0028443066177208376,-0.010501127287641632,0.008152274699760209,0.04882640924659243,-0.0033098822229500335,-0.005305942514117423,0.030085256888967127,0.008695716345640862,0.007097528690124099,0.0068294757184767865,1.502073672772906,0.009918474262000654,0.007419678616830272,54.23548762936057,0.0077006953076192985,0.023580364951326448,-0.01587966964370715,1.1139969294476473
AIEQ,0,0.008189363392883342,0.007435745988642939,0.005781747002691517,0.04882640924659243,0.0033640496303499745,0.00226218086133545,0.030085256888967127,0.00843270634515469,0.0067676680051999534,0.0068294757184767865,0.7669908652851273,0.008122842483998801,0.007391913578513659,58.93422711478738,0.01769553324609774,0.02236047764125677,-0.004664944395159031,1.1139969294476473
AIEQ,0,0.012623369167256593,0.009218087040853584,0.014860163303320295,0.04882640924659243,0.014147564644440003,0.01340808536300031,0.030085256888967127,0.008949152991235464,0.00774471708028618,0.0068294757184767865,0.8527087225176031,0.006657025071350942,0.007759322956949206,61.390575310783454,0.05652825459465305,0.029391951423855894,0.027136303170797155,1.1139969294476473
AIEQ,0,-0.00098257786148781,0.018474161156012858,0.010870965624703688,0.04882640924659243,0.009440864485289246,0.011311263670320315,0.030085256888967127,0.006512533299564387,0.0077626480975568094,0.0068294757184767865,0.45290540343934593,0.002948228057223483,0.0067814936724840316,60.64617583988568,0.08291102873441503,0.04034234789326364,0.04256868084115139,1.1139969294476473
AIEQ,0,0.007276784748089904,0.02441261277565676,0.018353107069921215,0.04882640924659243,0.011882588775171454,0.016803626099292535,0.030085256888967127,0.00653236532991483,0.007981743291545572,0.0068294757184767865,0.8531074246695661,0.0059111559938788884,0.006711545173690553,71.21826516220023,0.12117702319576296,0.05680586328082197,0.064371159914941,1.1139969294476473
AIEQ,0,0.002303822913608089,0.02970146471632784,0.018888438567070676,0.04882640924659243,0.008314195808461822,0.017224297722624682,0.030085256888967127,0.005306627670454424,0.007982954305651244,0.0068294757184767865,0.5412103404267948,0.008408085100301584,0.00640946734135074,68.11938549668017,0.1553012614768008,0.07679298774007176,0.07850827373672903,1.1139969294476473
AIEQ,0,0.009789583502050725,0.03133582930110479,0.03900458055677403,0.04882640924659243,0.011924141493319773,0.023236819379189644,0.030085256888967127,0.005524351615183208,0.007161083201590511,0.0068294757184767865,0.8737737272885586,0.0060007925575075215,0.005985057356052484,70.65344398837516,0.20651913251940357,0.10304083375716526,0.10347829876223831,1.1139969294476473
AIEQ,0,0.0025828883060028396,0.02110980848140076,0.030522487574251578,0.04882640924659243,0.010299834230951932,0.02277203540632211,0.030269197971452888,0.0042947504335425855,0.00673008016687606,0.0068294757184767865,0.8080012600409514,0.007963975070522851,0.006246447355886866,70.54843947320947,0.250860675757842,0.1328800200739776,0.1179806556838644,1.0531727349090236
AIEQ,0,-0.0003693778688544924,0.021736568849301197,0.04061229488121487,0.04042882469904874,0.005605500035975153,0.018330973744450585,0.027831985773757673,0.0041149622866709125,0.005146548955970736,0.006738216286575843,0.6383254367782055,0.005050814108387675,0.006666964566119704,70.32430164248885,0.281148176404848,0.16275408301757666,0.11839409338727136,0.9652719536828547
AIEQ,0,0.009459096878662754,0.0239502087764909,0.048947508724904276,0.05020862104428048,0.010319890700084766,0.02305603705414927,0.034987390871403345,0.004595136809585195,0.0053247115671692866,0.006920685689770151,1.4123171074845247,0.0068803756577859474,0.006860808498901116,72.98646731419831,0.3286087798152124,0.1961219917443221,0.13248678807089032,1.0205426041643366
AIEQ,0,-0.009130312123310391,0.0122691349438111,0.042335010938772344,0.050832412277122874,-0.0013281629288389718,0.009558600650131144,0.023000141660431295,0.007827288227037496,0.006556386026995173,0.006867183684135208,1.4045344099968944,0.0070590726731532705,0.006591006013471454,73.19816122147428,0.3346704520917996,0.22396316001369682,0.11070729207810276,0.8446647484612437
AIEQ,0,0.0008164994058614816,0.003274017323042777,0.0347124406721111,0.04069488622461481,-0.0011643204130871165,0.006969656578866612,0.02179002077179093,0.006671866985508189,0.006468671757599878,0.006605915181306292,0.6302830884438645,0.004758635607008275,0.006342574623371604,69.83555062823356,0.3378609285956884,0.24682909880445097,0.09103182979123742,0.8204226552124917
AIEQ,0,0.0045823027658393745,0.005274810076251635,0.02649596878813787,0.04174986651452972,0.0023571571671137104,0.008949422774037652,0.024365176412373568,0.006871965553870201,0.005647512090458288,0.006622357468351333,0.8303058713230985,0.004683100816558637,0.005686399772578761,81.35178884080467,0.35007028858403544,0.26753993141107757,0.08253035717295787,0.8465934963657037
AIEQ,0,0.001991663565662938,0.007649182596579873,0.029552018430032634,0.04074424303122992,0.0028243757351973375,0.008033765312150498,0.024347305541087216,0.006829177133292065,0.005512658163087794,0.006619032922994527,0.5019160115355745,0.006306466230041109,0.005937530196909448,81.51301784837068,0.3615245324561229,0.2863824099376793,0.0751421225184436,0.8350678296344705
AIEQ,0,-0.005388525034335179,-0.007171818205133462,0.016606624028037587,0.035264514246815315,-0.0011400128075512717,0.0009625883401052082,0.017062745719505168,0.0056539136748363986,0.005847833330537472,0.006810672522735352,0.8594614533382515,0.004189514471907387,0.005399357959733736,78.56939928659371,0.34974590354698876,0.29907966872992886,0.050666234817059896,0.7344379314872209
AIEQ,0,0.0005002054834730707,0.0024777345082767077,0.014777269111124758,0.03394482721798986,-0.001133822999819789,4.9291620729530194e-06,0.01587460551933151,0.0036628252121828357,0.005853709955750467,0.006816450396020345,1.0772301490059681,0.0036945061238669473,0.004726444649876471,76.22316394074181,0.3380239654999997,0.3068805994395294,0.0311433660604703,0.718439617541696
AIEQ,0,-0.0011900346917410598,0.00046786980523449984,0.003743418942124599,0.04289400998458448,-0.002415595972818929,-0.0015570352134915977,0.012552836892595787,0.003728863307597116,0.005104384868418769,0.006309018456078051,0.7178996023235962,0.007050015157532689,0.005184720559981354,69.4357169787609,0.3212675209372051,0.3097615501833415,0.011505970753863615,0.6820915439643631
AIEQ,0,0.0016191534811800246,-0.0024831434114785944,0.002778568554885563,0.03338586495332785,-0.00030303797919639663,-0.0002174460202569728,0.012533493164532006,0.003003049447262532,0.005067248833530706,0.005966322003662161,0.4705591402684413,0.009558443996058269,0.0061597891958812805,71.48358246035367,0.30949716274819394,0.3097086202770718,-0.0002114575288778564,0.6853770073602623
AIEQ,0,0.00677818966730781,0.002282006483981469,0.00994864456484379,0.05096497673279443,0.006012032504924436,0.005562228959678617,0.01688320105558372,0.004421327894179336,0.005453434037207207,0.005384916383549054,0.6855845629965948,0.007424686967646998,0.006383433343402458,71.32089614391612,0.3179861657268006,0.3113654420364536,0.006620723690346997,0.7667621802521499
AIEQ,0,-0.0014471847479311517,0.00625374273469137,-0.0009629261764370067,0.047937449711044744,0.0033033840251832647,0.004204182809183443,0.013058776077241374,0.0033349625421561927,0.004598074360348546,0.005453139504211572,0.8376577126577127,0.006301226638785757,0.006805775776778132,68.28052386987743,0.3163492712678817,0.3123628400588401,0.00398643120904163,0.7277326475887531
AIEQ,0,0.0025344933813782333,0.008299729132143163,0.010798028165699858,0.053590173744984426,0.0041834157580313835,0.005667758391021405,0.013009804575845996,0.0033443819155963006,0.003362538519341391,0.0053139247802575645,2.437163697237833,0.006715955807381245,0.007410065713480992,63.63460234427983,0.31950599687468895,0.31379219619167376,0.005713800683015191,0.7726816483504477
AIEQ,0,-0.00020019833602591408,0.009298969992785455,0.009771190505299288,0.044822813048121635,0.002128444956528197,0.004489104204564942,0.010611481737834438,0.003157664396844902,0.0033866639973620166,0.005181198610113347,0.7097677562647868,0.004880229482546536,0.006976108578483761,61.328105107704786,0.3176486273537762,0.314563795421927,0.003084831931849219,0.7706209772437418
AIEQ,0,0.010407741310583862,0.018154943456430983,0.01562671871672272,0.04253673255624002,0.008915115987644606,0.013361081253504326,0.01900690514440484,0.004937004403857718,0.0044191604313022605,0.004965988021375311,0.7864862185207218,0.00589457965978276,0.006243335711228659,68.94780793319423,0.3461528803164242,0.32088366331521445,0.025269217001209765,0.9941938184137006
AIEQ,0,-0.00013365348720384418,0.011164995374135733,0.013472480449954638,0.04342263787054246,0.006537973321060431,0.011862743932030018,0.016715229522467068,0.004795376771249641,0.004447141170140046,0.0049418522854347505,1.9723514047270176,0.003572251670891937,0.005472848651877647,62.50437740757427,0.36403359351452735,0.3295158904093582,0.03451770310516916,0.9762374791760874
AIEQ,0,0.006683567642313815,0.019398442896884083,0.02577349850290611,0.04280813333046862,0.009372746935832676,0.01602519221438148,0.02136483383355192,0.00461077227918292,0.0040346705784820155,0.004911077864536106,1.2065678617551197,0.005434981684981707,0.005299599661116837,81.13635165761869,0.39583414138311923,0.3427822959287385,0.05305184545438074,1.0860367150958687
AIEQ,0,-0.0007211538461538991,0.016088031398548308,0.02452128683356891,0.03966091359918433,0.005433443086365175,0.01283126115399913,0.01864523229643411,0.005053131616024399,0.004121346713777969,0.004951195081843245,1.3176244289492667,0.005269367790416552,0.005010282057723898,79.44142336729837,0.4137769856339446,0.3569835934650624,0.056793392168882184,1.0100801814463778
AIEQ,0,-0.004957787781939782,0.011252933725738545,0.0206565444115705,0.024477289453324058,-0.0017738744470146006,0.005758458742161077,0.012369163789238247,0.006177921662390579,0.0046301901747592454,0.004819913667536251,0.7195078103152092,0.006458356837454243,0.00532590752870544,68.37544372520355,0.40654033483624374,0.36689625935860054,0.039644075477643204,0.8343292681228878
AIEQ,0,-0.004432205672762701,-0.0035994266726272484,0.014490169396086605,0.01730899988001111,-0.005484147859471045,-0.0001292629307442228,0.007018687076761232,0.004660891359670304,0.0050683754352521745,0.004968540519843629,0.5298797702011727,0.010834975346673093,0.006313986666083507,60.53880375679688,0.38145889669152666,0.3698090965711674,0.011649800120359266,0.6921585273810126
AIEQ,0,-0.004847408394157204,-0.008296842590458597,0.002775518574534841,0.012751775787159803,-0.008663310451725192,-0.005250005201458241,0.001505400169252713,0.004980374704801561,0.00504398008202705,0.005125748607567986,1.0491205652435358,0.012746920752962982,0.008148920482497716,61.17688196213592,0.3413383423197942,0.3641144612748984,-0.022776118955104174,0.5427990224829694
AIEQ,0,-0.01477341389728093,-0.029434523809523827,-0.010607064841955838,-0.011559777198001275,-0.017488278959602588,-0.01891503795851346,-0.012720616163796827,0.005236823771116841,0.006952766444698567,0.00575797103594273,1.3566716875292164,0.011794038349495098,0.009420731815400393,45.99625425218823,0.2570152657781719,0.34269316431762686,-0.08567789853945496,0.15748994495605131
FLSP,0,0.010761589403973648,0.001640689089417613,0.0008196721311477528,-0.0004105090311986581,0.004731536720839369,0.003348604063520666,-0.010297424103980268,0.006103431882120598,0.007564076409405485,0.007903416187133291,0.9742599070641675,0.021699426699426753,0.018333255616327128,52.013422818792016,-0.012681346093462054,-0.01054497245887362,-0.0021363736345884343,0.021215916467023314
FLSP,0,0.006961506961506991,0.010686395396629633,0.0016293279022403517,-0.0004105090311986581,0.009566038510489872,0.010167402690767213,-0.010297424103980268,0.006535316309531852,0.007640287770434608,0.007903416187133291,0.7072041151476709,0.012606750711671359,0.018881732762360548,56.927710843373475,0.00406957613336445,-0.007515471656968356,0.011585047790332806,0.021215916467023314
FLSP,0,-0.0154534363562423,-0.0051366344770905625,-0.010625255414793533,-0.0004105090311986581,-0.005013973368403701,-0.004379742150391608,-0.010297424103980268,0.01034107631927528,0.009087824482005671,0.007903416187133291,1.0593146053345577,0.009500206526228848,0.01897367873167043,45.25000000000007,-0.006317952162344653,-0.0072690310722594645,0.0009510789099148112,0.021215916467023314
FLSP,0,0.00950020652622885,0.006589785831960571,0.013687266694317746,-0.0004105090311986581,0.00311935642751604,0.003716708761986931,-0.010297424103980268,0.011274314812789768,0.008221807694794225,0.007903416187133291,1.5411429342777059,0.0102291325695581,0.012783096678860467,49.77064220183491,7.19616055420147e-05,-0.00576701002966041,0.005838971635202425,0.021215916467023314
FLSP,0,-0.005728314238952592,0.005794701986755024,-0.002053388090349051,-0.0004105090311986581,-0.0037717284355526237,-0.001827928279488189,-0.010297424103980268,0.0113891452502168,0.007896108947225328,0.007903416187133291,1.1640597418146654,0.0074074074074073955,0.012288584782858488,47.797356828193884,-0.0038622616306334123,-0.00537907187738285,0.001516810246749438,0.021215916467023314
FLSP,0,0.003292181069958877,-0.0016380016380017626,0.0,-0.0004105090311986581,-0.00016404199475061887,0.0014582349195917388,-0.010297424103980268,0.010256333215108607,0.007963555828582021,0.007903416187133291,1.8023921571524613,0.010254306808859722,0.009999560804745084,46.1363636363636,-0.0017068671351623266,-0.004633891751540125,0.002927024616377798,0.021215916467023314
FLSP,0,-0.011484823625922735,-0.019926799511996718,-0.009453349773941522,-0.0004105090311986581,-0.007658733426665565,-0.009107168554571166,-0.010297424103980268,0.010315269923674557,0.008756576218378609,0.007903416187133291,8.784099377424143,0.01493775933609956,0.010465762529630723,42.29166666666672,-0.018276624249327966,-0.007394263166750675,-0.010882361082577292,0.021215916467023314
FLSP,0,0.010373443983402453,0.0057827344072698406,0.0006163961372509519,-0.0004105090311986581,0.0014806284445176843,0.001110060436623872,-1.0266835042682665e-05,0.009569855870932491,0.009462965224008161,0.007903416187133291,0.19713426000561834,0.006570841889117048,0.009879889602208364,55.24017467248913,-0.014319996746934294,-0.008792304538481788,-0.005527692208452506,0.49952258200882377
FLSP,0,-0.006981519507186951,-0.010638297872340496,-0.004118616144975329,-0.00901639344262295,-0.0033797708350506994,-0.005470324517747649,-0.00654292963012415,0.008799588972339933,0.009708511603622383,0.008043636345030388,0.4431786879811755,0.009921422663358092,0.009818347620968362,46.171171171171125,-0.022489073284937433,-0.011552021404067057,-0.010937051880870376,0.20654609296723717
FLSP,0,0.005376344086021501,0.00041152263374466536,0.006208609271523224,-0.00572597137014319,0.0018958127266730518,-0.0007398881946728553,-0.0009144242723135854,0.009054396601837251,0.009716918489799272,0.008131362234618746,0.06500976509266031,0.009049773755656063,0.010146820890618096,48.49137931034482,-0.01972603097461345,-0.013196530788171661,-0.00652950018644179,0.45825318334003406
FLSP,0,0.0037679967091732713,0.0008859721082854488,-0.0007534807534809174,6.557377049176694e-05,0.005491933516617475,0.003101188185887116,0.0028468297117456576,0.009098528692176545,0.009144014880582857,0.008167844485449433,0.15404902410055457,0.011064848206674955,0.010308929170181141,51.5159214092141,-0.011049990084526229,-0.012765185677750573,0.0017151955932243439,0.6299264150150988
FLSP,0,0.00034423972198549535,0.012863070539419041,-0.0073200488003253295,-0.00570264765784112,0.0032749261004376695,0.004189539644300577,0.003480733868769681,0.006449609461953363,0.008814735173062927,0.00804136996541583,0.08315662472699338,0.006030315444490027,0.008527440391859235,51.58562367864692,-0.0035894126759714595,-0.01092307176780599,0.007333659091834531,0.6698153238719812
FLSP,0,-0.006554690700532606,-0.004106776180698213,0.001652209830648399,-0.008990600735594545,-0.002481250760993703,-0.0025567452665661294,-0.002645764863765554,0.005736948219749876,0.007512800276025333,0.00813934276981491,0.2269719085753159,0.014845360824742245,0.010182344178984275,49.392712550607264,-0.008974308502367023,-0.010532137588660851,0.0015578290862938281,0.3669339965838095
FLSP,0,-0.009484536082474238,-0.006617038875103343,-0.017184942716857665,-0.0037328909166320923,-0.01063994543279767,-0.010307307409592736,-0.011922337589361898,0.006472240290217105,0.007294392042173489,0.007729879616554945,0.1902242657581549,0.00957535387177354,0.010113130420667365,47.28682170542634,-0.0293679144220782,-0.01430842345431479,-0.015059490967763411,-0.056572964843528306
FLSP,0,-0.004995836802664466,-0.01686548745372274,-0.016460905349794275,-0.01848049281314179,-0.012246490375395824,-0.013625993390056101,-0.01594782135376771,0.005360006171743015,0.007253096214261128,0.0074169863696858605,0.16147220046985122,0.011108786610878786,0.01052493299171191,39.3442622950819,-0.05350768755999624,-0.022163470145465814,-0.03134421741453043,-0.11034637072015434
FLSP,0,0.010288702928870297,-0.010478821060913912,-0.009602132895816129,-0.009602132895816129,2.9819616171877783e-05,-0.0025137616573889243,-0.005343837697278642,0.007781610777893168,0.008072347670508141,0.007819921821037287,0.13060253335987365,0.008278838229264576,0.009967730996229832,41.1741325171907,-0.053993984338511325,-0.028539439318485578,-0.025454545020025747,0.2974111930395946
FLSP,0,0.0005839500701982914,-0.010241704219582148,0.0024896265560165887,-0.006987258528565521,0.0026901645889343406,-0.0021786042477620615,-0.004414408381709811,0.00780099782231656,0.007171778895897121,0.007813782072017293,1.010097930102199,0.00745033112582795,0.010251734132497418,48.83720930232557,-0.052722860532686155,-0.03338211850779155,-0.019340742024894608,0.3342247236587972
FLSP,0,-0.001986754966887494,-0.005690721649484587,-0.009774127310061775,-0.0091637559071297,0.0018456363290366706,-0.0031812046409620542,-0.005935650906632284,0.007395958038415617,0.006242242774694517,0.007821373089528407,3.4874995383876803,0.008535169210351691,0.008989695809619308,41.66666666666661,-0.05462981088229668,-0.03763586969382084,-0.016993941188475838,0.28091684402979156
FLSP,0,0.0008294625082947427,0.004662781015820183,-0.001985111662530903,-0.006095551894563456,0.0017442936855904811,-0.002156371011592162,-0.004807498997363657,0.005730122457039012,0.005884050609524206,0.007813854627845649,0.30277766922418925,0.007873363169235922,0.008649297669111784,45.45454545454549,-0.054015624233798576,-0.04091441813550387,-0.013101206098294703,0.32493321271423653
FLSP,0,0.00861926073263719,0.018410041841004254,0.0012340600575895255,0.007450331125827825,0.006701138804813267,0.006319471289507161,0.003397907663894806,0.005428940898684364,0.006299215372063693,0.00797444066474313,0.49631993192937673,0.004519309778142951,0.007331402302564617,48.98785425101217,-0.037508909435821636,-0.04023288442225709,0.0027239749864354512,0.6239122661649721
FLSP,0,-0.0034921939194741958,0.00451836543678219,-0.006007802767031611,-0.00675675675675691,0.0022810105868642516,0.0034133843886170467,0.00023402713271392095,0.004672151371602019,0.0062529778683006725,0.007629278066953349,0.25523510608418076,0.007417027417027415,0.0071590401401171845,54.35148792813017,-0.03049966754030109,-0.038285253479652524,0.0077855859393514346,0.508765918597987
FLSP,0,0.0030921459492887493,0.007036423841059625,-0.0032773453502663585,-0.010573403822692229,0.0039696622073301935,0.006849306565129165,0.0038650661764931815,0.004762076757980815,0.006357843150639186,0.007482799146386809,1.0510419436320126,0.010069872585285697,0.0076829484320087345,49.37733499377325,-0.019053255648714185,-0.034437292995251195,0.01538403734653701,0.6645654399729036
FLSP,0,-0.0008384710234278225,0.00819508958195092,0.0024577319587628654,0.004114002478314616,0.001494645149489049,0.005757029761547683,0.002817298821164993,0.004581429675149275,0.005979740696752033,0.0066086882739951084,2.4003136240098164,0.004524961332148593,0.0068809068563681144,54.44932710793736,-0.011414343934841753,-0.029831208423265983,0.01841686448842423,0.6193321463052495
FLSP,0,0.010300457432454557,0.017735786507541818,0.02248126561198993,0.004909983633387682,0.008254881579314644,0.013851707675509806,0.01289607236763013,0.005922962448528923,0.005661405922385153,0.006669933147507337,0.9254016792963603,0.010785830618892541,0.007463400346299438,57.92744799594112,0.013606461107148249,-0.02114141851874201,0.03474787962589026,1.007782208912004
FLSP,0,-0.0014250814332247286,0.007600657354149387,0.026150627615062705,0.009259259259259078,0.005291048667154241,0.009801560097089324,0.01098354786589728,0.005452654904363714,0.005252127560250125,0.006534418062295987,1.4438016968952891,0.009692150866462804,0.008497968563963409,54.05867648993552,0.030374456251067272,-0.010836103234533098,0.04121055948560037,0.9018248764462851
FLSP,0,-0.0024464831804280607,0.008658008658008587,0.013215494141862516,0.0034864643150123165,0.001108113947504652,0.006009327739869397,0.008333537692777115,0.0052273933289438594,0.004694243431346065,0.006530483292910117,1.2050525539369354,0.07480073574494168,0.021974710229546262,51.74958646138184,0.03858088564379969,-0.0009510630248432691,0.03953194866864296,0.7972007930574933
FLSP,0,0.004496219088493847,0.010069872585285689,0.01717715231788075,0.01970954356846466,0.003597022410331885,0.008811035633299547,0.011876735914171377,0.005354589509152159,0.00478784234517673,0.005980813798969372,0.6354358067304334,0.01017293997965412,0.021995323708419945,60.678144302799275,0.05296426576119018,0.009833436238197513,0.043130829522992666,0.9026791891803247
FLSP,0,0.0024415055951170217,0.013385658340737905,0.021690444591904612,0.01170431211498979,0.0033805799934834013,0.00910756959708614,0.01375242507398422,0.005112709734886456,0.004608880974957123,0.005575309650315065,0.8648247741824526,0.009336310127866872,0.022957593467563604,72.74744784731469,0.06821414609900955,0.021510819962789057,0.0467033261362205,0.9284057457224926
FLSP,0,0.00020296326364932504,0.0032573289902280145,0.021050886789325318,0.01902398676592232,0.0029306414848584428,0.00721647714591489,0.012999405315081258,0.0028327033606824806,0.004633136242581225,0.005285241313266233,2.036661487002555,0.009740259740259676,0.022748479291837032,79.9159120310479,0.07975499556243903,0.03316064614032553,0.046594349422113504,0.8822561824757744
FLSP,0,0.00554383116883117,0.01025891946992874,0.01793755135579289,0.019193747429041563,0.006429358299022692,0.010995988104681276,0.017639241742406275,0.0032393671359445377,0.004237090104366553,0.005292741319599623,0.2844418017296699,0.008879345834375938,0.022585918285419657,77.96895787139684,0.09840576636888798,0.04621055831703874,0.05219520805184924,0.9664924460551559
AIBU,0,-0.019369369369369394,-0.016058277723127623,0.04356236306574823,0.16420327304048232,-0.01172608932037178,-0.0082583946589746,0.10844483524569126,0.02670155803211204,0.02178414415642577,0.02254937087502119,2.3002175695724922,0.04375151990056471,0.029241352985840696,63.26781625992496,0.18774713714940816,0.17556095998312576,0.012186177166282397,1.0116038005620391
AIBU,0,0.014888270420708505,0.02454991816693952,0.026754106606381,0.16420327304048232,-0.001810348218300617,0.0038741094826815203,0.10844483524569126,0.024214567939217044,0.020059997946011703,0.02254937087502119,0.8836222590088013,0.03248136315228964,0.02979108988252887,65.57756830164561,0.1889769356824189,0.1783420044254383,0.010634931256980618,1.0116038005620391
AIBU,0,0.05324813631522907,0.03641603353418921,0.06267242236124959,0.16420327304048232,0.04363094930317324,0.05077618254819094,0.10844483524569126,0.028862801124216828,0.025424746268401723,0.02254937087502119,1.896471888023266,0.027047522750252788,0.02944319333223886,69.75412630607863,0.30883420427073816,0.20519632635856913,0.10363787791216902,1.0116038005620391
AIBU,0,0.01213346814964611,0.06315185759500386,0.07047374612340906,0.16420327304048232,0.04320276797857292,0.056131099526376405,0.10844483524569126,0.026412118686785484,0.02547926312200036,0.02254937087502119,0.6791475001506538,0.015906593406593512,0.0277059742987499,70.08410529030206,0.4261140571314641,0.25039771735130567,0.17571633978015844,1.0116038005620391
AIBU,0,0.03171828171828173,0.09459459459459452,0.11329704090982595,0.16420327304048232,0.05663523959095351,0.07767953760217217,0.10844483524569126,0.026785348521502477,0.025954247054590436,0.02254937087502119,0.6388419802364197,0.027988380537400277,0.029435075949420186,76.9976077659859,0.5907737212355499,0.31972174885800003,0.2710519723775499,1.0116038005620391
AIBU,0,-0.001452432824981864,0.11459374746683237,0.09669529152154843,0.16420327304048232,0.032695774083717044,0.06600000103369696,0.10844483524569126,0.02102840564873428,0.02622644446028813,0.02254937087502119,0.882452828698475,0.029309090909090812,0.026546590151125406,73.89426275653815,0.7062816009077721,0.3981641940420372,0.30811740686573497,1.0116038005620391
AIBU,0,0.016727272727272702,0.11661341853035134,0.14402618657937816,0.16420327304048232,0.027437530622243855,0.06924168482303972,0.10844483524569126,0.020886178845062487,0.02320331577345923,0.02254937087502119,1.1897363355981727,0.01619456366237486,0.023289230253142452,74.0123702096006,0.8317633021086763,0.4858954886167873,0.34586781349188905,1.0116038005620391
AIBU,0,-0.033161659513590847,0.025005055611728944,0.062331674089599165,0.16420327304048232,-0.011425272515568796,0.027551075744298714,0.06364820695671125,0.024495110734345685,0.025266711932825852,0.02254937087502119,0.5665900062722141,0.0364988705079261,0.025179499804677107,64.26058253835826,0.8267305166813657,0.5546970768749343,0.27203343980643135,0.8093340175190621
AIBU,0,0.016325846132599464,0.02925074925074922,0.0942498459969836,0.15696799550814156,-0.0009909803335977907,0.035016754175484,0.07314363730415718,0.024861098501238597,0.024427771741636153,0.022373752803361836,0.1482641766500193,0.02575028147688006,0.02714823741873442,68.018539976825,0.8573877803464995,0.6156852307154167,0.24170254963108284,0.8539672153822061
AIBU,0,0.026662654812284137,0.024207213749697365,0.1210916799152093,0.17560433453737145,0.020696669503677434,0.050555272218213654,0.09276449659547437,0.02362741208918548,0.02485221641965801,0.022774668949994997,0.6909628763318342,0.016662727487591712,0.02488310680877271,69.59794382228748,0.9456497131011972,0.6820699936669925,0.26357971943420466,0.9316133789401086
AIBU,0,-0.010902859844008517,0.014513939393939523,0.1307708935664298,0.18002994577615095,0.006660280930688378,0.026762657849727756,0.072011572449036,0.02463132014644429,0.023795166081674098,0.022592053934952165,0.6018873127240417,0.018163049270347738,0.022653898481024094,72.57585909830573,0.9713261476036976,0.7401957154145067,0.23113043218919094,0.8437817169636718
AIBU,0,0.010545130434159278,0.008345255126370965,0.12593184238551647,0.15605514292821754,0.015565602079832264,0.025686796629033948,0.07545257251612147,0.023923134135373333,0.023788773717909183,0.021948393250470172,0.48906117815876554,0.00709387562071405,0.020833760872691932,69.76398349803316,1.0105447818998314,0.7944705733274682,0.21607420857236326,0.8563586045347199
AIBU,0,0.020023646252069094,0.06381383603129054,0.09041456016177962,0.15875348202509487,0.02318489805580448,0.03722679706140575,0.08880515971399694,0.014346896335232904,0.0193160479823039,0.022012507017679164,0.9375222395466043,0.014530516867268849,0.016440090144560483,75.43906926608061,1.0886910622713515,0.8534930556232075,0.23519800664814394,0.902523182407367
AIBU,0,-0.007137757089074825,0.03925389214582431,0.06965284715284703,0.14503529034327856,0.008144928027478349,0.02296340739877345,0.07368264304688021,0.016474823872509325,0.019905712705786748,0.022253380425079086,1.0574249707678316,0.02568592702591002,0.016427219254366472,73.15051542639816,1.1150318909248824,0.905927601636573,0.20910428928830938,0.8292072848352612
AIBU,0,-0.010481240470803455,0.0016544552115338451,0.02590171871217617,0.1421333477065705,-0.0027503195528707503,0.009661108368704152,0.05545181456523518,0.014062223688301302,0.018490703831601382,0.022349439371610717,2.0179027541809695,0.03495044832468131,0.020084763421784398,75.07750634991783,1.0904760135700116,0.9429088160952603,0.14756719747475122,0.7533548387646672
AIBU,0,0.017461066540821024,0.030378482485716285,0.045333333333333226,0.14641214473719177,0.0086280740115936,0.02273449603761546,0.06656719954626356,0.014079018973949848,0.018977962024386504,0.022425905363669184,1.0281063767719043,0.025510204081632522,0.02155419438404135,75.50973591000017,1.111979265284809,0.9767753117969443,0.13520395348786474,0.8048486479975586
AIBU,0,-0.002782931354359919,0.01678883896902339,0.025274201239866567,0.17294053464266246,0.002491307467814341,0.017330581335816664,0.05532427047028432,0.014283028722530813,0.01859235752580358,0.021245355333050685,1.9844112440037627,0.031162790697674497,0.02636797739943344,69.07338818780634,1.1071443988313945,1.0028814470339151,0.10426295179747935,0.7697229981156779
AIBU,0,0.020497674418604728,0.017261363847109523,0.08217671372061597,0.14963059994760286,0.019500460712149836,0.03006288629060072,0.0694605635594645,0.014421718486961083,0.014370714815011917,0.02002405181165974,0.5579028231227193,0.02489437438185666,0.028440748902351005,70.39132835060303,1.1550039113991915,1.0333361007351298,0.12166781066406163,0.83783978164408
AIBU,0,0.019338489656209656,0.04438825185797435,0.08538455565477343,0.18768188287274024,0.030116336590340298,0.04138098340076435,0.08083265433942333,0.01439478845744429,0.014594000892195376,0.01959084646747589,1.2276939284485724,0.01922646993069543,0.027148857483308086,69.00464558003067,1.2415031257648366,1.075002517277283,0.16650060848755355,0.8969442204165824
AIBU,0,0.0013413816230718467,0.05686644643699856,0.058614984637201495,0.18680445151033376,0.020173887374989485,0.036791635667854594,0.0731418401687125,0.011006739726962936,0.013187182752042292,0.01960493884895204,0.5970017148863196,0.017296271489171754,0.023618022116206176,69.67147524950545,1.2992131663029483,1.119873087184854,0.17934007911809435,0.871546455650097
AIBU,0,0.0037977227059611263,0.04267393320964752,0.07434878502796982,0.21484233564808553,0.01553567354756824,0.03328712356119223,0.0670534568622172,0.010747789155776509,0.011873478110396709,0.01850784450752785,2.5578476363284035,0.016679233364694557,0.02185182797281858,67.81160428879795,1.3420092474152483,1.164322857942365,0.1776863894728833,0.8817742425007083
AIBU,0,-0.021354489869906845,0.023255813953488413,0.040435091038070414,0.17145899893503724,-0.010620093856175572,0.007263283971327805,0.03634716829324103,0.016991025889117172,0.014813934950371036,0.01973163774037274,1.5089789095952963,0.037159090909090864,0.023051088015101855,71.44099811114428,1.2881525795065158,1.1890988525926318,0.09905372691388403,0.7492738802394064
AIBU,0,0.02402045454545454,0.026788115237891263,0.04451187848890048,0.13895096056622847,0.00781749777441787,0.026944211394577255,0.05441492326766628,0.017859459002257494,0.015336867458473548,0.017124016293468873,0.6318037276884154,0.02263804212007491,0.022599821562745502,72.77691569633151,1.3106721912634427,1.2134214134490644,0.0972507778143783,0.8892782145136517
AIBU,0,0.01009834231826856,0.017480438184663605,0.06264461613536665,0.13666083916083904,0.014446397517106302,0.031009878569731253,0.058286946560367925,0.016485513085450196,0.01484813551100575,0.017095840319070067,1.6617038049371582,0.020214493352287966,0.02279742624706401,70.52947437261969,1.3475798854826238,1.2402600755708275,0.10731980991179624,0.9247532824963713
AIBU,0,0.0019181796409291074,0.018066532708193916,0.07596035865974526,0.10382958121520214,0.012738969502252395,0.02550885585163143,0.05505554583134109,0.016467934563737165,0.01378024890986889,0.016055077093172034,0.9050404976441616,0.023243828839102417,0.02398693771705014,75.25827350726674,1.36759094297377,1.2657315392674535,0.10185940370631652,0.8896185522825352
AIBU,0,0.024090334918156264,0.03864760087277386,0.08297077922077922,0.13206545454545449,0.02919260161408266,0.041831017840952,0.07370533959040837,0.01883036313457815,0.014458982209038273,0.01651783415319545,1.119884173134228,0.010657912488195238,0.02278267354175028,77.27030872981506,1.451166636211461,1.3028247218183424,0.1483419143931186,0.9890327476477812
AIBU,0,-0.002948753364726664,0.058181818181818334,0.0827906976744186,0.11015736766809736,0.014707593787444129,0.030573686018550372,0.06488332254574813,0.012427791938199404,0.014472933932591341,0.016453144661737768,1.9452712551599114,0.030122422680412292,0.021375339896014565,73.21632032987908,1.489405319329741,1.340145802143102,0.14925951718663888,0.9096150011370576
AIBU,0,0.004901202749140854,0.03842474737498591,0.06624218917354519,0.15386246831010242,0.012043762464472252,0.029004121453109155,0.06252178662224761,0.010356337954961548,0.013811313403356442,0.013739476261458414,1.2579117194022778,0.020304264750513924,0.020908584422102368,77.14563878947453,1.5197404610999428,1.3760685538966557,0.14367190720328704,0.9070118852987927
AIBU,0,0.00709153162549514,0.03533361604327667,0.053431701319025304,0.1433784990488023,0.012179231336656438,0.030882726150991857,0.06292531393178824,0.010262734967718234,0.013071566223766616,0.013573317168053418,2.1626423973690336,0.04541383701188449,0.025948453154021674,83.0285969117566,1.5515680587248326,1.4111714410856757,0.1403966176391569,0.9131593372180483
AIBU,0,-0.07979626485568758,-0.04910612466885389,-0.03192676936816252,0.024816828173008787,-0.05954168273499849,-0.04840076022596085,-0.023049145629891132,0.040605810487640656,0.03000823763754151,0.022987514589403815,1.7584992539900817,0.04272370848708502,0.029844429083618194,51.1769783043666,1.2688862614449619,1.3827124683402117,-0.1138262068952498,0.3438024659585248
RCC,0,0.0036809815950920033,0.0036809815950920033,0.008216926869350827,0.013195876288659703,0.0036399329270786485,0.005305094119333997,0.0044095379613799945,0.0025243360318769554,0.0020867277788002665,0.0024788692737742262,0.3343767440731843,0.006369193154034298,0.004118321704738529,70.16129032258057,0.020671116214970198,0.011224365591834071,0.009446750623136126,0.784979793111852
RCC,0,0.0012184189079054164,0.007789171452009969,0.011106995884773596,0.013195876288659703,0.0033043434230417557,0.005418314237673361,0.0044095379613799945,0.0015349243043575112,0.0018990574560539446,0.0024788692737742262,1.5222450376454484,0.006105030952506871,0.004518983350531143,71.3522894139634,0.02684400949015142,0.014462216108856474,0.012381793381294947,0.784979793111852
RCC,0,0.00041107208413526664,0.006552006552006384,0.01069078947368407,0.013195876288659703,0.00240691848368213,0.004762607461159307,0.0044095379613799945,0.0016140175579831364,0.001910332407294195,0.0024788692737742262,1.1456115309918806,0.0056956875508543765,0.005046327248908407,63.57773251866913,0.031803124466854626,0.01803084577569226,0.013772278691162366,0.784979793111852
RCC,0,-0.0032546786004881145,0.0014306151645206988,0.004510045100450943,0.013195876288659703,-0.0011407380469160566,0.0010423097682525917,0.0044095379613799945,0.002537505620321756,0.002222663868332604,0.0024788692737742262,0.5330229138585958,0.002040816326530641,0.0049100392573169175,64.63077984817119,0.030239702629724974,0.020528867597221823,0.00971083503250315,0.784979793111852
RCC,0,0.00040816326530612734,0.0024539877300613355,0.004920049200491938,0.013195876288659703,-0.0012216798872696222,0.0009601212750378618,0.0044095379613799945,0.0024873913731374964,0.002217175695607777,0.0024788692737742262,0.17003388128999875,0.0,0.004042145596785238,64.65517241379328,0.029301643717356995,0.02231560990929225,0.006986033808064746,0.784979793111852
RCC,0,-0.000407996736026206,-0.0016299918500407573,0.002044989775051187,0.013195876288659703,-0.0013036045194882995,0.00034746763059345653,0.0044095379613799945,0.0017357547041688861,0.00211774571792703,0.0024788692737742262,5.1695035210021585,0.006122448979591924,0.0039927967618967625,68.18181818181809,0.027582846339900158,0.023384460962469197,0.00419838537743096,0.784979793111852
RCC,0,0.0016326530612245094,-0.0012169361698664005,0.00656275635767023,0.013195876288659703,0.0005708228002934135,0.0013265332353498138,0.0044095379613799945,0.0018348928211852499,0.001854611333167913,0.0024788692737742262,4.959579362471246,0.00488997555012229,0.003749785681419846,69.29824561403498,0.02853261285490305,0.02442610062866809,0.004106512226234961,0.784979793111852
RCC,0,0.0012224938875307068,-0.00040683482506098656,0.006142506142505999,0.013195876288659703,0.001875713586690475,0.001937405214560206,0.004979289941433596,0.0019399832604560024,0.0018345442543609694,0.0024788692737742262,0.06640081082873138,0.0,0.002610648171248971,66.98113207547163,0.030909231166411644,0.02573479733280244,0.005174433833609205,0.8421273743024859
RCC,0,0.005291005291005346,0.008163265306122325,0.009605558961782057,0.01146601146601145,0.005536557563914579,0.0062743446078157294,0.009718437765268373,0.0021917653274935384,0.002344377825183776,0.0022678329736178686,0.2614961741326796,0.005267206477732744,0.0032559262014893917,73.48484848484838,0.04110085606201963,0.02883085394422533,0.0122700021177943,1.06668322781169
RCC,0,0.0006032388663967936,0.008359853121175043,0.010834355828220898,0.015803274915332288,0.004467388309195908,0.00579591477946062,0.009534141917015626,0.002166181592788961,0.0022845437388435345,0.002036689220970702,0.04228747579338418,0.0010074894092227285,0.0034574240833339376,71.54008781915758,0.049529961795879984,0.03299525781613858,0.016534703979741404,1.010710592349992
RCC,0,-0.0014121036297941592,0.007346938775510292,0.005704971475142706,0.013968775677896561,0.0015835409143629686,0.003803716514116706,0.0074090280666276875,0.002436470839240261,0.0022067884064732855,0.002094229398994482,0.25325106416214316,0.0012155591572123637,0.0024760461188580254,75.87098999655049,0.053092781897593255,0.037033834270516174,0.01605894762707708,0.8866866148565173
RCC,0,-0.0008103727714748876,0.004889975550122383,0.003667088592139045,0.014814814814814836,-0.00020190569787603696,0.0026228385773163776,0.0058536111816986924,0.002632161977687078,0.0022337709812901385,0.002053136220874556,0.5158274236361475,0.002027575020275779,0.001903566012888723,71.43622722400846,0.05384896836208952,0.04040961442567746,0.01343935393641206,0.8179960910324624
RCC,0,0.0036050283860502574,0.007281237281237196,0.0068714401952807425,0.01763569078947369,0.0019489278872391047,0.0055468020565261345,0.008597504231713016,0.002890296353951149,0.0024576804202816375,0.0021511317894530382,0.02699111369487584,0.0019758453911082807,0.0022987350911103793,73.51333443763451,0.06004880218640096,0.04434935912554807,0.015699443060852893,0.9615792434549354
RCC,0,0.0,0.001979757085020184,0.010159183673469352,0.014715047150471339,0.0015523740072049819,0.004530940319280585,0.007860439129039332,0.001950781537183309,0.002061087788554298,0.002105979926733099,0.0,0.0,0.0012452937955638303,75.38644470868014,0.06417766603566122,0.04832463212791585,0.015853033907745367,0.9091820675385993
RCC,0,0.0004485047820308452,0.0018248101347770884,0.010199918400652708,0.015170151701517032,0.0016359514489741045,0.00396273335747277,0.007553395039874955,0.0019479202445878499,0.0020598110339373555,0.002100146370310846,0.6920168649419031,0.002827140549273032,0.0016092240235738911,71.57708905453134,0.06744274926326455,0.05215566585192121,0.015287083411343334,0.8881668752841616
RCC,0,0.0040387722132471104,0.007293354943273878,0.014693877551020362,0.0167689161554192,0.004218850230009119,0.006548231920697312,0.010779479306262107,0.0022113605945259397,0.0021935848319357075,0.002195120363947719,2.9123780012434253,0.007642799678197817,0.0028946721277709813,75.0129332643559,0.07641461613873801,0.057014975326486875,0.019399640812251137,1.0034955640510472
RCC,0,-0.014078841512469742,-0.006082725060827188,-0.0012224938875304847,0.005332239540607242,-0.008718103856899306,-0.0075022463815944684,-0.0037144257761149158,0.007425549180996285,0.005375948549753031,0.0039335982149435135,0.3374165919729111,0.0012239902080783817,0.0027339551653315025,46.19482496194842,0.057111206471986975,0.05703424541079582,7.69610611911567e-05,0.3149067101128474
RCC,0,-0.000407996736026206,-0.010057012634904994,-0.002849002849002913,0.003276003276003303,-0.007123584340596345,-0.007625888731774166,-0.004282803191822282,0.00698023696138747,0.005355758444977146,0.003922776910574428,0.45632434308187614,0.0008204081632652792,0.002502867719762902,50.0,0.04064160480191603,0.05375246717327563,-0.013110862371359597,0.2775516410597561
RCC,0,0.00040816326530612734,-0.009652954272715064,-0.007692307692307554,0.0018393623543839777,-0.004791294461588325,-0.006456210499945825,-0.00396746862660069,0.007011788134607539,0.0050031769456277365,0.0039036669289532625,0.562897981954945,0.0016319869441044123,0.0028292651085837844,50.0,0.028039126967691175,0.048605721460100906,-0.02056659449240973,0.2896407437494079
RCC,0,-0.002039983680130586,-0.012116316639741553,-0.01031361648236484,0.0004089979550103706,-0.004395962227287553,-0.007457459853967174,-0.006019555325821102,0.006889036942805539,0.004992931973553543,0.003930317488226453,0.5530409924685272,0.0027309893704006803,0.002810034872809314,47.75230388851433,0.014162366758910139,0.04171268153676465,-0.02755031477785451,0.17890560812267467
RCC,0,-0.00012673753066227977,-0.016214802896218794,-0.009039708265802249,-0.0033863080684596314,-0.0012447227919034631,-0.006684003838925867,-0.005977692628934883,0.006122537326100569,0.004998397921317149,0.003835114245064187,0.2843096938203297,0.002326541793931463,0.0017467832959560433,45.12838550826603,0.0029186198470618763,0.03394993301769625,-0.031031313170634373,0.19190680169790936
RCC,0,0.0013534012896154746,-0.000815993472052301,-0.006893755068937635,-0.0032519464873688175,0.0002703875036860204,-0.004652406656188934,-0.004470735342061216,0.001246004190162788,0.005049110122056295,0.00383779027030827,2.5740823324978086,0.005716619028174789,0.0026453090599753244,45.32710280373821,-0.0034308146221952995,0.026470749572475204,-0.029901564194670504,0.27436211362747925
RCC,0,-0.0016333197223356022,-0.0020408163265306367,-0.012077304445854198,-0.005288852725793269,-0.0009553237027333239,-0.005069466090570129,-0.005834066590006848,0.0014153218931770174,0.00482177080924998,0.003849106176361497,0.8665425726936854,0.0008179959100204325,0.0026448266093263553,33.681462140992124,-0.011365982072494063,0.018900946702002347,-0.03026692877449641,0.21612931218251447
RCC,0,0.004089979550102374,0.00163198694410438,-0.00803672082395579,0.0020408163265306367,0.0028029465659207276,-0.000191002207724833,-0.0018694111802010083,0.0024932330262892894,0.005100625981494003,0.003898210369973206,0.6297568710359408,0.006109979633401309,0.0035404251471857343,40.312536717189545,-0.009890335078495127,0.01314119502887694,-0.023031530107372068,0.4079661622651218
RCC,0,-0.0019022403258656118,0.0017702371218315527,-0.010367528271405524,-0.0002733578131375314,0.0005414446036020593,-0.001048553916952244,-0.0037545264618999985,0.0024610714246526603,0.005091119265272408,0.00392303899723793,0.12692069971683603,0.0035627854207392084,0.0037067843572534407,39.76127013558927,-0.012163641743089926,0.008079176334332947,-0.020242818077422873,0.31553312341743595
RCC,0,0.001909946823489106,0.0038107855042952554,-0.012465808527755362,0.0020448979591836114,0.0016900134972588354,0.002125477028152911,-0.001953398934472661,0.0025287697750006346,0.004896411540215913,0.003944726957467303,2.6168052048583594,0.002443981898240688,0.0037302723781152854,43.823760818253376,-0.010240386147831515,0.004414654964850622,-0.014655041112682137,0.40283362174518794
RCC,0,0.003254569227823856,0.005716619028174774,0.00489596083231314,0.003667481662591676,0.0038032855300715873,0.00489473085100256,0.001111668864939297,0.002770968118179376,0.0021393140545034515,0.00399404966022547,0.9459994832486436,0.001624035728786143,0.002911755718237556,43.24968774838198,-0.0025138567398563794,0.003028768407988185,-0.0055426251478445645,0.5555728562987223
RCC,0,0.0036540803897686658,0.01104294478527601,0.00897959183673458,0.006105006105006083,0.005258902966489787,0.007662227708020941,0.004463605463599363,0.0024346964515221943,0.0023271404392165716,0.004063516206465558,0.6249158249158249,0.0028317152103559985,0.003314499578304669,48.51138353765324,0.010460659279448947,0.004515304657928351,0.005945354621520596,0.7188438107948314
RCC,0,-0.0020226537216827545,0.004887983706721055,0.006527947776417742,-0.0012145748987852922,0.002247439332951018,0.004968626810379462,0.002493025826284745,0.0027619016516721696,0.002504079610404891,0.003918380941525188,1.1436950146627567,0.005050668828536721,0.0031026374173317517,45.54278922345482,0.01665471822758846,0.0069433939308515946,0.009711324296736866,0.6231589566968586
RCC,0,0.000608025942440138,0.007415327731366661,0.009198691741618914,-0.001209796519508477,0.0013784419468241271,0.0046588331631429725,0.003163510775626044,0.0022961649797850186,0.0023208874909250807,0.003918423311112353,0.15668546244085813,0.0034433866720679483,0.0030787576675975,40.53644819381345,0.022469580974767922,0.010048842685525378,0.012420738289242544,0.6577527304766525
FILL,0,0.006543967280163709,0.007780507780507762,0.07420809344431878,0.03951006306505733,0.0014649629689915677,0.016798452450108137,-0.00588858532475256,0.015041258943162734,0.011897797485765,0.01253057774990586,1.708045065821082,0.0075172694026819295,0.011158824131127693,71.24036250507234,0.18257554184773994,0.13587686125822332,0.04669868058951662,0.4404325919947029
FILL,0,-0.01828524989841529,-0.024626564392410177,0.03869750084910084,0.03951006306505733,-0.01194176345493203,-0.005492431492794436,-0.00588858532475256,0.015233309148360357,0.013939739145745013,0.01253057774990586,2.9138725128960945,0.03766556291390729,0.016350394525778356,63.508983480043405,0.1581248810490763,0.1404887309558608,0.01763615009321548,0.4404325919947029
FILL,0,-0.019039735099337762,-0.025893958076448786,0.010574791062595734,0.03951006306505733,-0.025733782783852743,-0.025422491686278192,-0.00588858532475256,0.0155112890752703,0.015567426010290814,0.01253057774990586,1.1821209391952747,0.01304219409282704,0.01657494514048023,54.882008597823095,0.10968556483405933,0.13414966899985717,-0.024464104165797834,0.4404325919947029
FILL,0,-0.002590717299578049,-0.04335896398219341,-0.008689161194004869,0.03951006306505733,-0.019621992956122547,-0.027118416660801836,-0.00588858532475256,0.010860224265127791,0.014580510029105478,0.01253057774990586,0.7014199026695772,0.010152885534676418,0.01682486664239728,58.676413064736956,0.06758293333114906,0.1205296257577663,-0.05294669242661723,0.4404325919947029
FILL,0,0.010643608335519028,-0.022895705521472354,-0.012250635685196243,0.03951006306505733,-0.004565045650456567,-0.015562958115830416,-0.00588858532475256,0.01375109132304738,0.01420283564048641,0.01253057774990586,0.5560473759540124,0.009208796912541497,0.015517341771326834,61.33792880109179,0.050372806688304905,0.10624085839438073,-0.055868051706075825,0.4404325919947029
FILL,0,-0.0029342575616779776,-0.032096708655018236,-0.024565929565929623,0.03951006306505733,-0.0009093280786921509,-0.016019157390421035,-0.00588858532475256,0.012430005458305884,0.013688286876449246,0.01253057774990586,0.16731537376919117,0.007842116531836626,0.015582311197157774,56.92768104471707,0.03203713432173316,0.0911831085345463,-0.05914597421281313,0.4404325919947029
FILL,0,-0.0044122400829551545,-0.018418874172185462,-0.042591844973758564,0.03951006306505733,-0.0015905506639644074,-0.016072679929251876,-0.00588858532475256,0.01052811917593119,0.01236154599710423,0.01253057774990586,0.2902373625154961,0.003980602993885737,0.008845319213153463,53.32389666852027,0.010667489857347334,0.07489216298455688,-0.06422467312720954,0.4404325919947029
FILL,0,0.009909340080118012,0.010548523206751037,-0.015618577887381746,0.03951006306505733,0.006184991837087761,-0.00475349676430592,0.0020505426762655876,0.0074788402495027054,0.01210097895326892,0.01253057774990586,0.24636300311456638,0.010855949895615783,0.008408070373711213,51.371991362511174,0.009576296870701384,0.0617073816180176,-0.05213108474731622,0.5219760806461232
FILL,0,0.011795407098121213,0.025124161329351136,-0.019324160259004408,0.041228032483994426,0.01299831616332714,0.008987935031711247,0.01183913375797263,0.007963545040371242,0.01154754001818952,0.012592863272445557,0.2469179718069375,0.011402042711234874,0.008657901809022903,50.61510483525892,0.027566427891031253,0.05482843319217725,-0.027262005301145996,0.6308509661873579
FILL,0,0.003198184256679948,0.017572058835840565,-0.00572597137014319,0.06023865182652388,0.012683749404303502,0.012805258088276927,0.01215649496575999,0.007314148762413816,0.01121824763506973,0.011949186821810658,0.16604603926878808,0.0024681201151788863,0.007309766449550383,48.46505916499215,0.04645701350609599,0.05314420734032051,-0.006687193834224517,0.648837315695086
FILL,0,-0.013167420814479636,0.007128433549817181,-0.02519707436001628,0.04714119223567104,-0.002062440618516015,0.0020580076631233624,-0.0034116365366021473,0.010364335569100745,0.011566028089760266,0.012464572747847439,0.3713649717221654,0.01292210471906937,0.00832576408699693,39.02288013958855,0.03857468730944902,0.050216477520976445,-0.011641790211527427,0.4506183104687488
FILL,0,0.02293048324503233,0.03478810879190375,0.01572847682119205,0.0550346304154361,0.013861896640621874,0.023411262444935188,0.016737218175483015,0.013289063535419176,0.01260799997024524,0.012987856433635212,2.80041648918548,0.026487367563162126,0.012827117000852206,52.866189878255184,0.07022656474200772,0.05423367149492491,0.015992893247082814,0.7648880856836063
FILL,0,0.0005052974735126892,0.025152400835072974,0.03596624472573828,0.046921371311615,0.009350066762699782,0.020301389593610608,0.014937342529571795,0.013427305511178074,0.010362075664117653,0.012930752028762016,0.7753722891453496,0.0022278881086981485,0.011101504643468683,47.609078220765795,0.09491363396877972,0.0623943280607645,0.03251930590801522,0.7538185418050041
FILL,0,0.005469933692836548,0.018743423088826816,0.04433849720372596,0.035264071660418006,0.011095274371513586,0.02143352471049309,0.01871840967899474,0.012921627961840789,0.010139170241364175,0.01250727108955787,1.6939885629271467,0.013962984116953646,0.011613692924612434,53.73332071543483,0.12255872351119024,0.07445637138206651,0.04810235212912373,0.8127550170573539
FILL,0,0.005298399543073762,0.02087618264088853,0.038815078986362606,0.02608893390941236,0.01224441516806496,0.022920761818871815,0.022784384440819094,0.0129318219806995,0.009911420954025151,0.012192790631481305,0.8140496681568427,0.010436184144253062,0.013207305730427272,53.30319335222387,0.15203876868245914,0.09000292224493554,0.06203584643752359,0.8589261768085233
FILL,0,-0.00962627178402331,0.024539493703600312,0.031842855403629855,0.006494676494676499,-0.002291045600088082,0.009916481970443813,0.012607850629774875,0.011788836276520994,0.010621552901727848,0.012264428506243975,0.5792246020372593,0.010244684400250597,0.012671821666663516,57.143832343504705,0.1560504759218304,0.10323290538762878,0.052817570534201636,0.6961475590647483
FILL,0,-0.010090078360850518,-0.008533007334963316,0.025958254269449643,-0.017739200645942588,-0.010676139219197522,-0.0027960368575201677,0.0032986805896182414,0.007721195266175606,0.01120862951377393,0.012017044777622962,0.618259330602028,0.006987086220643887,0.008771765398159869,61.60129516520719,0.13935883778952984,0.11046704730193456,0.028891790487595284,0.5536831302118027
FILL,0,-0.004956721165939149,-0.013945683517700869,0.010855949895616002,-0.004932182490752002,-0.012831156206727257,-0.008795151816881286,-0.0014273278529387534,0.007719597441586566,0.011120260923894483,0.011391967762543429,0.3230775426373759,0.007319289549772932,0.009790045686374824,60.28808066258554,0.11588719903624423,0.11155215228472051,0.0043350467515237134,0.47675353526890796
FILL,0,-0.0008261049153241995,-0.020120145665479705,-0.0017538429794697885,-0.021044111695669776,-0.009635075704166107,-0.009441630559810732,-0.0011811167488795515,0.006445639724539054,0.010473413069067065,0.010767590822752254,1.7124759841034503,0.009921455146754792,0.008981739892335054,55.88905476545929,0.09473495670444265,0.108186046264717,-0.013451089560274354,0.47989697553493144
FILL,0,-0.004576271186440772,-0.029745139518484898,-0.009489921842863014,-0.015161554192228976,-0.008172108560530966,-0.01304231990982685,-0.0049904814324917,0.00386529670253393,0.010487745465504492,0.010571373143753374,0.6624510183145255,0.017027073046143374,0.010299917672713117,55.011600928074245,0.06891017870502836,0.10032589078737492,-0.03141571208234656,0.41439203731631147
FILL,0,-0.004314909486571428,-0.024541674464778396,-0.0006044210271821671,-0.02578626574563181,-0.00751995482894019,-0.017242545412064603,-0.00798317137213378,0.003315491475912966,0.009680100761362666,0.010457414642683608,0.3496640632993418,0.006256412823143663,0.00950226335729173,55.03714020427114,0.0401874552409609,0.08829210182217022,-0.04810464658120932,0.35906681064766555
FILL,0,0.008391935066776712,-0.006329478105759789,-0.014808475957620137,0.0006870860927152833,0.0020865231494644476,-0.007516920357426238,0.0003074164317600214,0.005642338281350336,0.006379465236622632,0.009854631288332253,0.19341687151507883,0.005906537726562095,0.009286153658475372,54.441395531164275,0.03232043705387255,0.07709322606480647,-0.044772789010933914,0.5054272683244406
FILL,0,0.01172207837330319,0.010326311441553049,-0.0037633795474169007,0.032067510548523304,0.011736306608218117,0.004498065129749262,0.01044442617621133,0.0075242351227631475,0.00762948461918544,0.009083809996384532,2.3102675143585487,0.008994276369582947,0.009621151022437375,54.45746306673459,0.0471063195864474,0.07109389787582784,-0.023987578289380446,0.6919050709403267
FILL,0,0.0008176614881438837,0.011988424968995437,-0.008372929553160158,0.03559432453698608,0.010140189962474677,0.006173499165632368,0.009516174527531618,0.00740044369161823,0.00737263188599113,0.00903251310732852,1.2388775566459012,0.007761437908496784,0.009189147574785773,53.40763309813987,0.059643074218548975,0.06880313842921816,-0.009160064210669186,0.6886422550437595
FILL,0,-0.0037459150326797364,0.012832598954288565,-0.01729424801047641,0.020849553373349705,0.0037965003379147877,0.004175917203032897,0.004702740302490627,0.007211428969409994,0.007088483266504228,0.00886155220731553,1.3613783562849777,0.00620789476921306,0.00702531191939971,58.790820829655836,0.06181305720357955,0.06740483176715889,-0.005591774563579344,0.5966975582868538
FILL,0,0.007097665683954979,0.024441719429081354,-0.000699795757284849,0.031120776151233542,0.006068013858042676,0.011374847849468628,0.010291137298390263,0.006224388561985173,0.006988147245504192,0.008906807716877359,1.022104438956815,0.0052562150366020485,0.006825272362091387,50.56643726839597,0.07597856356998278,0.06911986308617904,0.006858700483803742,0.7223222200844712
FILL,0,0.009946501420928788,0.026021028597900564,0.01952685096134088,0.045991988193126776,0.010865118007683972,0.019440118984065613,0.01805629173251244,0.006478752857922556,0.0066534095537016625,0.008977556193635123,0.6338784647973577,0.008292448912951467,0.007302454599369261,55.97152152388144,0.10485618025961685,0.07626807668142967,0.028588103578187182,0.915182764243643
FILL,0,-0.013924219030303608,1.2264922322202665e-05,0.010338703015282835,0.021306889352818326,-0.0032128265293730474,0.004212220365633845,0.002830522080450093,0.009458947148920427,0.008129216525761804,0.009480530828489334,0.3437775462777466,0.01107917727910127,0.0077194347812729255,45.14579759862783,0.09978783807472524,0.08097252922329067,0.01881530885143458,0.5699588765404972
FILL,0,-0.008213308912809802,-0.009011437908496789,0.002868954113269817,0.001110079438770173,-0.009619098086059985,-0.00431937430637197,-0.005460876359864031,0.010112583589598757,0.008639188071480525,0.009346962942854406,0.3020057237390265,0.008285448114957522,0.007824236822565073,38.3830814703801,0.07923327772052602,0.08062464932838923,-0.0013913716078632066,0.36456146515977783
FILL,0,-0.012415805831966109,-0.01763550554979232,-0.005029215965580369,-0.014471410941999108,-0.018468597648408247,-0.01619256808224856,-0.01710009204096896,0.011219292742180602,0.00945047613988855,0.009718963911405684,2.9902433092300353,0.006678298035745596,0.007918317475871581,37.412757669209554,0.03901601016586298,0.072302355109889,-0.03328634494402602,0.10530797020719003
RCD,0,0.0013134851138354442,-0.005652173913043401,-0.00391986062717764,-0.004344048653344812,0.00014169038377120913,-0.003632580473986735,-0.0024715859175844512,0.0029244607137872613,0.008484276502399947,0.00602149009983017,0.9810048691743807,0.008220376038478305,0.005606613881087694,44.7272215973004,-0.01898910983648605,-0.008235338919130898,-0.010753770917355153,0.3768129028265152
RCD,0,-0.0008745080891997548,-0.0006035742090115814,0.0008760402978538195,-0.004344048653344812,-0.0006123163051082736,-0.0045906449816992545,-0.0024715859175844512,0.0012465084135796962,0.00828460095972019,0.00602149009983017,0.9846169706698872,0.010065645514223212,0.007182370368706547,44.107043815862525,-0.021165328512910975,-0.01091564160489348,-0.010249686908017495,0.3768129028265152
RCD,0,0.003938730853391581,0.002184359982525086,-0.013333333333333308,-0.004344048653344812,0.0028853720381218917,0.0006813706630233174,-0.0024715859175844512,0.0022094460298446956,0.005550776254901512,0.00602149009983017,0.28204849322943776,0.006102877070618876,0.007092329793315262,49.65809628008759,-0.01709213438101642,-0.012186717773616958,-0.004905416607399463,0.3768129028265152
RCD,0,-0.0017436791630340842,0.0013117621337996876,-0.01420576840292731,-0.004344048653344812,0.0008741258741258306,0.00037656095875382434,-0.0024715859175844512,0.00236722767254885,0.005549543948356447,0.00602149009983017,0.2805466888842484,0.0021834061135369938,0.006873129949122797,49.65809628008748,-0.016249026111363918,-0.013017895908867313,-0.003231130202496605,0.3768129028265152
RCD,0,-0.0004366812227073469,0.002189141856392407,0.0,-0.004344048653344812,0.0,-6.0284701053459067e-05,-0.0024715859175844512,0.0022510580063214475,0.0030403311880259913,0.00602149009983017,0.4278041883723799,0.006989951944080391,0.006712451336187556,47.539370078740156,-0.016034363527417383,-0.013632256774031017,-0.0024021067533863665,0.3768129028265152
RCD,0,0.00043687199650488395,0.0013117621337996876,-0.004347826086956608,-0.004344048653344812,0.0001747030048915299,0.0008137621070056777,-0.0024715859175844512,0.0021995148289390824,0.0025477103468371006,0.00602149009983017,1.7536520297953877,0.00480349344978179,0.0060290748184482525,52.687346437346456,-0.015032875828634218,-0.013916476624674698,-0.00111639920395952,0.3768129028265152
RCD,0,-0.0008733624454148048,0.0013129102844637863,0.000708543636665615,-0.004344048653344812,-0.0009606147934677622,-0.00013110169121199888,-0.0024715859175844512,0.0021993666130800914,0.0016975009336789944,0.00602149009983017,5.2656051178854915,0.005681818181818139,0.005152309351967237,29.499113475177182,-0.015383263448264017,-0.014213255618230423,-0.0011700078300335946,0.3768129028265152
RCD,0,0.0017482517482518833,-0.0008718395815169311,0.001310615989515096,-0.004344048653344812,0.0009607826011006626,0.0014856243991958618,-0.0005097749010211095,0.0013313731555186455,0.0017497198229330594,0.00602149009983017,0.87843157172969,0.004005235602094206,0.004732781058262304,33.196010407632315,-0.012823236274485339,-0.013932663746255665,0.0011094274717703256,0.47422806163940534
RCD,0,0.006108202443280808,0.006986899563318882,0.00830782684739817,0.004793028322439996,0.0056694286960312645,0.006767081423270094,0.005354186803178562,0.00281769337869793,0.0025249281940505656,0.006140697305490111,0.5450225372614016,0.008742411101474376,0.00604458205584978,61.76633444075297,-0.001297763038675015,-0.0113868991777527,0.010089136139077685,0.7625369396225322
RCD,0,0.00043365134431927466,0.007863695937090354,0.010070052539404628,0.0069838498472283295,0.004528433336236093,0.006193300767620258,0.005439484266637207,0.002700571229731771,0.00241846426865735,0.006122649386173963,0.08361560657383013,0.005197225834417045,0.005686036833917112,55.623393316195404,0.008335551326375423,-0.007418986655549814,0.015754537981925238,0.7591378413319024
RCD,0,-0.0039011703511053764,0.003493449781659441,0.004809794490598929,0.0008710801393727596,-8.702462796961186e-05,0.0017873490561925998,0.0014734472258792763,0.0036764322543770453,0.002865461179859979,0.006178511933131544,0.6103578415415902,0.012532637075718027,0.007231865559104359,60.08330440819153,0.009531925832209964,-0.00401271851148265,0.013544644343692614,0.5700747319344786
RCD,0,0.009138381201044377,0.013548951048951041,0.014879649890590763,0.015768725361366753,0.00633570560666552,0.009445871240151504,0.009833135851950559,0.005066706477473425,0.0039006008055942486,0.006341098566280204,0.6337539640591966,0.01048727899956885,0.008192957722654501,69.73684210526316,0.024946366354122063,0.0018010623045698736,0.023145304049552187,0.937807186564302
RCD,0,0.0021561017680034045,0.0139616055846421,0.013077593722754965,-0.00043010752688177334,0.0057123074259997075,0.010303003956005696,0.012032473875061012,0.0050507012865648685,0.0038158106628927743,0.004828840542160266,0.38075362847301353,0.008601549053356262,0.009112220412906913,73.41772151898721,0.04016420215245731,0.009496949666489033,0.03066725248596827,1.040548962787396
RCD,0,0.01075731497418242,0.018647007805724147,0.025764192139738018,0.011192423590185019,0.012761921186513758,0.018558667938600282,0.022340467665272756,0.006128023950316688,0.004659835545902206,0.005387653425794734,0.3483099885041969,0.010642826734780758,0.00949230353956819,82.17821782178217,0.06927223727181087,0.02148098280171398,0.04779125447009688,1.2809889928306828
RCD,0,-0.0053214133673903374,0.012787169484178573,0.02075141983398865,0.02075141983398865,0.0048165828065194205,0.011056059196434376,0.015850131562700653,0.007322865458164523,0.005229674226298914,0.00429590350782788,0.26152736360064666,0.005135887010485812,0.009480035774781941,72.39819004524881,0.08222316984732458,0.033652964247068345,0.04857020560025624,0.9946699622700524
RCD,0,0.006205863471003825,0.02306353350739787,0.026637554585152934,0.022173913043478377,0.006464317821824661,0.014652251785675974,0.02102237737091306,0.006432233243933833,0.005346602009600176,0.004371317741061202,0.4963121948589739,0.006805614632071464,0.00833463128605263,76.82926829268293,0.10182426205566131,0.04730835450172231,0.054515907553938994,1.0586330788430414
RCD,0,0.005529561888558021,0.019404915912031084,0.03321678321678334,0.03394886239382777,0.008145336688131666,0.016927279375389848,0.024940656196143385,0.005980487779399733,0.0052611270947000395,0.004146506010463827,0.8286319250003483,0.007614213197969531,0.007760018125732765,77.55905511811021,0.12538618614343733,0.06294327592530664,0.062442910218130684,1.0693418207096417
RCD,0,-0.005922165820642977,0.01118760757314985,0.02530541012216392,0.02664919178680636,-4.255138079223286e-05,0.008388937758802006,0.017525248698325502,0.0074647401912474555,0.006015250810890937,0.004481949561680476,0.9979728312789803,0.00978723404255321,0.007997155123572155,71.8978102189782,0.13209679504632632,0.07678769059370136,0.05530910445262496,0.879247904020435
RCD,0,0.0029787234042553123,0.003405704555129896,0.02211621856027768,0.030607783121993748,0.0022536888208530836,0.009184132217250784,0.019011900001080884,0.0058936853245009765,0.005887795645074492,0.004465215036987559,1.1739853440799473,0.007632583792957147,0.0073951065352074324,73.77622377622377,0.14096469838472814,0.08963326946801314,0.051331428916714994,0.8909156722290781
RCD,0,-0.004879083580823118,0.0038519152578642135,0.016688339835283728,0.02692644483362505,-0.0033991926917358306,0.002607506198170517,0.012693752428651672,0.005783099029306513,0.006291302980014872,0.0046515630566879825,0.32847203113329926,0.004903005755702494,0.0073485302842507694,68.07817589576541,0.13775163724745454,0.09926304662029499,0.03848859062715955,0.7611509205922534
RCD,0,0.004903005755702461,0.002552105487026779,0.025674499564839026,0.030607783121993748,0.0009767698645262168,0.004988700805867108,0.016123469563718018,0.0055000762348099835,0.006035205225573056,0.004719256731815874,0.34807107639910484,0.005515485787017353,0.007090504515239947,71.16564417177909,0.14221326099559306,0.10785744737426434,0.034355813621328724,0.8259799300459453
RCD,0,0.0029656342808654923,-4.230118443304676e-06,0.019400603708495057,0.03456892778993437,0.003946153604411418,0.0060392399520130535,0.01740462167903023,0.005014586835978591,0.005585956304253253,0.004694800235658704,0.6674964366731576,0.005499177238482354,0.006667497323342511,71.68504126754615,0.14929503096178465,0.11614832727220971,0.03314670368957494,0.8473918799296813
RCD,0,-0.0016878243985803953,0.004255319148936287,0.015490533562822817,0.028770706190061057,0.001401112913067326,0.0028048792406218936,0.014246946353857481,0.004021722057931652,0.005700318350054801,0.004722787386997729,0.23477150313732023,0.002966101694915266,0.005303270853814922,67.30991152711889,0.15011506248238504,0.12294387959705654,0.027171182885328507,0.7826895251809789
RCD,0,-0.008474576271186529,-0.007212558336868957,-0.003831417624521105,0.02183406113537112,-0.005650793057233039,-0.0053130734593299644,0.0045723065602649715,0.0055003900786632625,0.005490269135245705,0.005178651865214988,1.5290820801334846,0.00641025641025635,0.005058805377274764,59.42964910275451,0.13392347233304847,0.1251403683853467,0.008783103947701765,0.5946992799824412
RCD,0,0.0008547008547010737,-0.0014922191430397636,0.0023539482131393896,0.0231542158147664,-0.0045048070261046735,-0.0046956098236797805,0.004288379993220515,0.00519177188555858,0.005211731056443735,0.005166608698406966,1.5223824277089293,0.002796754910333053,0.004637555208200875,63.09679723776635,0.12123094294348036,0.12435832087205957,-0.003127377928579214,0.5941009517790278
RCD,0,0.0034158838599487318,-0.002969876962240159,-0.0004253509145045742,0.026200873362445476,-0.0005095274834361341,-0.001253320832708349,0.006424198377772639,0.0048515061867935826,0.0049240541149567635,0.005187628725556066,0.4496678589678078,0.0034042553191488637,0.004215309114627178,60.001290489095275,0.11599512851708127,0.12268540444014443,-0.006690275923063163,0.6505325021834594
RCD,0,0.008936170212765937,0.0029653255724431116,0.0029610829103214886,0.03627622377622375,0.007821134064439406,0.007371957330935874,0.013616273778140453,0.0064239296729999805,0.005442127430799421,0.005428780478819634,0.7564069192361391,0.006326444538169639,0.004380762574564634,63.744297578664145,0.12660759744047922,0.12346994732384786,0.003137650116631363,0.8381621572947654
RCD,0,-0.02150991142977654,-0.016949152542372947,-0.012765957446808529,0.012216404886561838,-0.010492194830674872,-0.013038526806852024,-0.008779775860326966,0.011942049483401988,0.00868902184672023,0.007525872056447567,3.6155182397220615,0.02801724137931044,0.00939099051144367,42.63884658340956,0.09437730005674183,0.11765079907244527,-0.02327349901570344,0.25907226007884787
RCD,0,0.001293103448275934,-0.007264957264957239,-0.014425116673737803,0.007372072853425893,-0.007773791218178672,-0.010330817054347463,-0.007858334299635783,0.011691601169726156,0.00861390326941646,0.007417787706797493,1.8996385992605824,0.011153680585449854,0.010339675346482372,46.399615959035714,0.07036908811381437,0.10819365235565181,-0.037824564241837444,0.27207882796348504
RCD,0,0.004304778303917178,-0.00384286934244249,-0.005329354082285187,0.01127004768097084,-0.0027357442079165573,-0.005540923077972271,-0.004140309075064907,0.01195688335066231,0.008693139360606558,0.007469215290606639,1.3954676738502556,0.003857693956279463,0.010551863155671653,45.08142966444414,0.058473751426589615,0.09824899537155603,-0.03977524394496641,0.36981872269944305
